cmd: ./cub3d maps/subject_map_door.cub
events: Ir
fl=./csu/../csu/libc-start.c
fn=__libc_start_main@@GLIBC_2.34
128 2
134 3
135 7
138 1
139 2
142 3
143 2
144 11
145 4
242 13
311 3
312 3
337 6
340 2
343 2
350 2
352 2
360 4
fl=./csu/../sysdeps/nptl/libc_start_call_main.h
fn=(below main)
29 9
44 3
46 2
51 2
52 2
55 2
58 6
fl=./csu/./csu/errno-loc.c
fn=__errno_location
25 183
26 366
27 183
fl=./csu/./csu/init-first.c
fn=_init_first
46 6
51 2
55 5
61 1
62 1
63 2
71 2
72 3
fl=./ctype/./ctype/ctype-info.c
fn=__ctype_init
29 1
31 7
33 4
35 4
36 1
fl=./debug/../sysdeps/x86_64/multiarch/ifunc-memmove.h
fn=__memcpy_chk
56 6
57 9
60 9
61 6
74 6
77 6
85 6
93 6
96 15
fn=__memmove_chk
56 2
57 3
60 3
61 2
74 2
77 2
85 2
93 2
96 5
fn=__mempcpy_chk
56 2
57 3
60 3
61 2
74 2
77 2
85 2
93 2
96 5
fl=./debug/../sysdeps/x86_64/multiarch/ifunc-memset.h
fn=__memset_chk
54 20
57 12
58 8
64 8
73 8
75 8
85 8
93 8
96 20
fl=./debug/../sysdeps/x86_64/multiarch/memcpy_chk.c
fn=__memcpy_chk
29 3
fl=./debug/../sysdeps/x86_64/multiarch/memmove_chk.c
fn=__memmove_chk
29 1
fl=./debug/../sysdeps/x86_64/multiarch/mempcpy_chk.c
fn=__mempcpy_chk
29 1
fl=./debug/../sysdeps/x86_64/multiarch/memset_chk.c
fn=__memset_chk
29 4
fl=./debug/./debug/snprintf_chk.c
fn=__snprintf_chk
27 36
28 6
33 9
37 18
38 9
42 15
fl=./debug/./debug/strcpy_chk.c
fn=__strcpy_chk
27 40
28 8
29 8
32 16
33 20
fl=./debug/./debug/strncpy_chk.c
fn=__strncpy_chk
24 1
25 2
28 1
fl=./elf/../bits/stdlib-bsearch.h
fn=intel_check_word.constprop.0
27 96
28 48
29 744
31 648
32 348
35 264
37 120
fl=./elf/../elf/dl-tls.c
fn=_dl_add_to_slotinfo
1017 9
1023 1
1026 1
1027 1
1031 3
1065 2
1068 2
1069 3
1072 6
fn=_dl_allocate_tls_init
523 11
524 2
528 2
531 1
534 2
537 3
549 1
554 17
560 5
563 3
564 2
570 3
571 2
573 10
576 2
577 2
580 2
581 4
583 2
584 2
593 1
601 2
603 10
609 1
615 2
618 2
621 9
fn=_dl_allocate_tls_storage
365 1
369 1
370 1
371 2
374 1
380 2
417 7
419 1
430 1
431 1
432 2
440 6
441 1
445 305
464 1
470 7
fn=_dl_assign_tls_modid
125 4
128 2
141 1
181 1
183 1
186 1
187 2
fn=_dl_count_modids
192 1
194 2
195 1
210 2
fn=_dl_determine_tlsoffset
216 9
217 1
218 1
219 1
222 4
225 2
259 1
261 11
263 5
265 3
266 2
268 2
270 5
281 1
286 8
288 2
289 1
294 1
301 1
302 7
304 2
354 1
355 8
fn=_dl_tls_static_surplus_init
83 3
97 8
100 6
101 5
102 3
104 4
107 1
109 1
111 3
112 6
fl=./elf/../include/list.h
fn=__tls_init_tp
43 2
44 2
45 1
47 1
fl=./elf/../include/rtld-malloc.h
fn=__minimal_calloc
56 24
fn=_dl_allocate_tls_storage
44 2
56 1
fn=_dl_check_map_versions
44 33
fn=_dl_find_object_init
56 2
fn=_dl_important_hwcaps
56 4
fn=_dl_init_paths
56 5
fn=_dl_map_object_deps
56 22
fn=_dl_new_object
44 33
56 30
fn=fillin_rpath.isra.0
50 2
51 1
56 2
fn=init_tls
44 2
fl=./elf/../include/scratch_buffer.h
fn=_dl_map_object_deps
77 2
78 1
85 3
131 40
fl=./elf/../misc/sbrk.c
fn=sbrk
37 6
40 1
58 2
62 2
78 5
fl=./elf/../nptl/nptl-stack.h
fn=__libc_early_init
61 8
fl=./elf/../sysdeps/generic/_itoa.h
fn=_dl_check_map_versions
76 42
fl=./elf/../sysdeps/generic/dl-cache.h
fn=_dl_load_cache_lookup
125 9
194 1
195 5
fl=./elf/../sysdeps/generic/dl-call_tls_init_tp.h
fn=init_tls
31 8
33 1
fl=./elf/../sysdeps/generic/dl-debug.h
fn=dl_main
29 4
30 1
fl=./elf/../sysdeps/generic/dl-hash.h
fn=__rtld_malloc_init_real
43 1
44 1
45 19
48 18
62 24
67 1
72 1
fl=./elf/../sysdeps/generic/dl-new-hash.h
fn=_dl_lookup_symbol_x
69 500
70 1000
74 3532
77 7064
80 3229
81 6458
87 197
88 197
89 394
90 197
99 3032
101 3032
102 6064
104 3032
105 3032
fl=./elf/../sysdeps/generic/dl-protected.h
fn=do_lookup_x
29 1876
fl=./elf/../sysdeps/generic/ldsodefs.h
fn=_dl_relocate_object
79 102
140 1317
fn=_dl_start
79 6
fn=do_lookup_x
139 938
140 1407
fl=./elf/../sysdeps/nptl/dl-mutex.c
fn=__rtld_mutex_init
30 7
37 1
40 7
44 2
45 9
47 6
51 2
52 7
53 6
fl=./elf/../sysdeps/nptl/dl-tls_init_tp.c
fn=__tls_init_tp
68 5
69 1
72 1
75 4
76 2
77 1
82 2
87 4
90 1
93 3
105 4
121 3
128 2
129 3
fn=__tls_pre_init_tp
53 3
56 10
61 2
62 1
64 1
fn=rtld_mutex_dummy
42 24
44 48
fl=./elf/../sysdeps/nptl/pthread_early_init.h
fn=__libc_early_init
33 6
34 1
38 5
45 2
46 1
48 2
52 5
53 1
54 1
56 1
fl=./elf/../sysdeps/posix/dl-fileid.h
fn=_dl_map_object_from_fd
37 40
40 40
49 220
fl=./elf/../sysdeps/unix/sysv/linux/brk.c
fn=brk
36 1
37 1
38 2
44 1
45 1
fl=./elf/../sysdeps/unix/sysv/linux/brk_call.h
fn=brk
24 2
fl=./elf/../sysdeps/unix/sysv/linux/dl-osinfo.h
fn=dl_main
39 2
52 1
fl=./elf/../sysdeps/unix/sysv/linux/dl-parse_auxv.h
fn=_dl_sysdep_parse_arguments
32 2
33 1
34 1
41 85
42 40
43 40
45 1
46 2
47 2
48 2
49 1
51 2
52 2
53 2
54 2
56 2
fl=./elf/../sysdeps/unix/sysv/linux/dl-sysdep.c
fn=_dl_sysdep_parse_arguments
78 7
79 2
80 2
81 3
82 37
83 77
86 2
90 56
93 5
94 2
95 3
96 6
fn=_dl_sysdep_start
102 6
103 1
106 2
110 2
113 1
115 2
122 3
123 2
125 5
137 3
140 5
143 4
fn=_dl_sysdep_start_cleanup
147 1
148 1
fl=./elf/../sysdeps/unix/sysv/linux/dl-vdso-setup.h
fn=dl_main
30 1
33 1
36 1
39 1
45 1
fl=./elf/../sysdeps/unix/sysv/linux/dl-vdso.h
fn=dl_main
40 2
41 5
55 2
fl=./elf/../sysdeps/unix/sysv/linux/rseq-internal.h
fn=__tls_init_tp
32 3
34 7
37 2
40 1
fl=./elf/../sysdeps/unix/sysv/linux/x86/dl-hwcap2.h
fn=update_active.constprop.0
25 2
fl=./elf/../sysdeps/unix/sysv/linux/x86/dl-minsigstacksize.h
fn=get_common_indices.constprop.0
24 2
27 2
28 2
65 3
72 1
74 1
fl=./elf/../sysdeps/x86/cpu-features.c
fn=get_common_indices.constprop.0
398 3
402 4
405 5
409 1
410 4
411 4
412 4
413 3
414 2
421 2
423 9
428 8
435 2
436 7
442 2
457 3
fn=init_cpu_features.constprop.0
376 3
377 2
378 6
383 2
384 6
389 2
390 7
682 8
685 1
686 1
687 1
690 1
699 3
702 6
703 1
706 2
708 6
713 1
715 3
717 9
721 7
774 3
781 2
799 1
832 2
866 4
869 2
870 1
878 2
885 2
887 2
891 2
897 2
899 1
1001 3
1002 2
1005 2
1006 2
1012 1
1013 1
1014 1
1015 2
1019 4
1022 4
1028 3
1041 2
1042 4
1081 1
1082 2
1086 3
1103 2
1104 2
1106 3
1107 2
1109 3
1110 2
1113 2
1127 4
1129 4
1135 4
1142 8
fn=update_active.constprop.0
72 8
76 1
84 3
85 3
86 1
94 4
95 1
103 4
104 1
109 4
112 4
113 1
116 5
117 2
121 5
122 3
123 3
124 2
128 5
129 5
130 3
132 2
133 4
147 2
151 7
152 4
154 3
158 4
161 1
164 2
166 2
170 1
171 1
178 4
180 5
186 4
188 5
190 4
195 5
244 3
245 3
261 4
277 2
281 2
282 1
285 4
289 2
293 3
294 2
296 1
297 1
300 2
302 1
305 2
356 5
360 3
369 1
370 8
fl=./elf/../sysdeps/x86/dl-cacheinfo.h
fn=get_common_cache_info.constprop.0
571 11
586 1
587 1
588 2
589 1
590 2
596 3
598 7
601 2
613 1
618 3
622 2
627 5
630 24
637 8
640 26
645 2
649 3
650 2
654 2
658 3
661 4
662 1
667 4
673 4
681 6
683 2
685 4
687 12
689 1
690 1
691 9
693 4
696 7
701 1
703 4
704 3
705 1
708 2
711 2
718 1
720 4
721 1
726 2
731 2
732 1
733 2
734 1
759 3
770 5
771 5
775 2
782 1
783 2
784 1
785 7
fn=handle_intel.constprop.0
250 108
255 24
261 12
262 12
267 48
271 24
276 24
279 60
281 24
284 60
286 24
305 96
fn=init_cpu_features.constprop.0
792 1
793 1
795 1
809 2
811 3
812 3
813 3
814 2
817 3
819 3
820 2
822 3
824 3
825 1
827 3
829 3
830 2
832 3
834 3
836 3
838 5
894 2
895 2
896 2
897 2
898 2
899 2
900 1
901 1
902 1
903 1
904 1
905 1
907 1
910 3
924 3
925 7
930 2
931 6
932 2
939 3
959 6
968 2
969 2
974 12
987 5
995 7
997 2
1000 5
1002 2
1005 5
1006 5
1010 6
1011 3
1017 7
1020 11
1021 10
1022 13
1025 10
1027 10
1040 4
1042 2
1043 2
1044 1
1045 1
1046 1
1047 1
fn=intel_check_word.constprop.0
110 648
113 324
119 216
123 48
125 12
129 120
131 144
133 60
135 120
143 120
152 12
155 138
158 99
162 58
164 189
167 120
168 72
169 60
170 48
172 11
174 22
176 12
177 16
178 12
179 20
180 14
181 12
183 8
184 12
187 21
190 2
194 192
202 168
216 48
246 144
fl=./elf/../sysdeps/x86/dl-get-cpu-features.c
fn=__x86_cpu_features
39 3
71 3
fn=_dl_x86_init_cpu_features
37 1
39 3
41 1
fl=./elf/../sysdeps/x86/dl-isa-level.h
fn=_dl_load_cache_lookup
28 54
fl=./elf/../sysdeps/x86/dl-procinfo.h
fn=_dl_load_cache_lookup
39 18
42 63
fl=./elf/../sysdeps/x86/dl-prop.h
fn=_dl_map_object_from_fd
149 40
fn=_dl_process_pt_gnu_property
95 56
102 28
115 28
118 14
252 6
253 3
254 22
255 11
257 56
258 8
260 14
fn=dl_main
36 2
37 39
40 15
49 70
53 58
71 2
149 4
235 4
236 2
fl=./elf/../sysdeps/x86/get-isa-level.h
fn=_dl_hwcaps_subdirs_active
30 4
31 1
32 3
36 3
39 4
40 4
45 4
48 2
51 5
53 4
54 2
55 2
58 4
fn=update_active.constprop.0
28 1
30 4
31 1
32 3
36 3
38 1
39 2
40 4
45 4
47 1
48 2
51 5
53 4
54 2
55 2
57 1
58 4
fl=./elf/../sysdeps/x86_64/dl-cet.c
fn=_dl_cet_check
145 2
157 2
173 1
179 1
275 2
276 1
277 2
282 4
283 3
285 2
293 5
296 1
300 2
301 1
302 2
303 2
304 2
305 2
308 1
310 1
313 2
361 8
363 6
fn=_dl_cet_setup_features
331 1
334 2
350 1
fl=./elf/../sysdeps/x86_64/dl-hwcaps-subdirs.c
fn=_dl_hwcaps_subdirs_active
29 1
38 3
43 1
48 1
52 1
fl=./elf/../sysdeps/x86_64/dl-irel.h
fn=_dl_fixup
32 13
fl=./elf/../sysdeps/x86_64/dl-machine.h
fn=_dl_fixup
234 95
fn=_dl_relocate_object
81 52
87 20
91 15
97 5
108 15
129 10
132 10
134 20
267 908
274 908
278 908
287 3938
290 899
291 136
292 1692
295 42
296 63
307 42
314 105
317 2724
320 218
323 218
393 60
400 51
402 68
406 51
415 34
423 920
436 7
476 136
478 68
479 68
498 5601
499 1867
503 3734
504 3734
514 530
518 530
521 795
522 265
730 24
734 12
fn=_dl_start
55 1
278 9
287 27
290 6
291 12
317 8
323 2
fn=_dl_sysdep_start
220 1
fl=./elf/../sysdeps/x86_64/dl-runtime.h
fn=_dl_fixup
28 95
fl=./elf/../sysdeps/x86_64/dl-trampoline.h
fn=_dl_runtime_resolve_xsave
71 95
76 95
79 95
81 95
91 95
97 95
98 95
99 95
100 95
101 95
102 95
103 95
107 95
108 95
111 95
112 95
114 95
115 95
116 95
117 95
118 95
119 95
121 95
128 95
129 95
130 95
131 95
136 95
137 95
138 95
140 95
141 95
142 95
143 95
144 95
145 95
146 95
148 95
150 95
154 95
156 95
fl=./elf/./dl-find_object.h
fn=_dl_find_object_from_map
95 24
96 24
97 12
103 60
104 327
105 226
107 36
112 12
fl=./elf/./dl-hwcaps.h
fn=_dl_important_hwcaps
43 9
45 7
46 1
77 8
78 8
79 7
fl=./elf/./dl-load.h
fn=_dl_map_object_from_fd
91 80
92 36
93 45
94 36
96 36
fl=./elf/./dl-main.h
fn=dl_main
109 5
fl=./elf/./dl-map-segments.h
fn=_dl_map_object_from_fd
28 30
29 90
81 10
101 10
102 30
105 30
106 20
108 20
125 10
135 240
137 120
139 300
149 160
155 20
156 10
157 30
158 20
160 20
165 20
168 30
176 70
182 20
186 16
189 4
194 40
fl=./elf/./dl-sym-post.h
fn=lookup_malloc_symbol
41 8
53 12
fl=./elf/./dl-tunable-types.h
fn=__GI___tunable_set_val
84 5
fl=./elf/./elf/dl-audit.c
fn=_dl_audit_activity_map
29 7
30 1
31 3
37 6
fn=_dl_audit_activity_nsid
41 3
45 12
46 3
47 15
fn=_dl_audit_objclose
97 12
98 48
fn=_dl_audit_objopen
77 10
78 40
fn=_dl_audit_preinit
118 1
119 4
fl=./elf/./elf/dl-cache.c
fn=_dl_cache_libcmp
357 166
358 999
360 1347
362 473
368 40
369 30
370 410
371 3
372 410
373 3
374 20
378 4
380 874
381 2
382 870
383 210
386 365
387 365
390 110
391 2
fn=_dl_load_cache_lookup
191 148
205 9
208 72
210 90
211 18
213 45
220 175
222 460
223 148
227 222
231 222
232 148
240 36
242 18
245 18
247 54
249 9
259 18
269 27
270 36
286 63
295 18
298 18
301 9
302 27
330 18
346 65
347 43
349 22
403 90
405 18
408 27
411 5
419 5
420 8
423 6
424 1
431 1
432 2
477 24
482 27
485 27
500 18
512 27
513 135
514 36
515 9
516 72
fn=_dl_unload_cache
525 3
526 4
528 2
529 1
533 1
535 2
fl=./elf/./elf/dl-call-libc-early-init.c
fn=_dl_call_libc_early_init
27 7
29 2
33 5
37 2
39 4
40 2
41 3
fl=./elf/./elf/dl-call_fini.c
fn=_dl_call_fini
24 96
28 24
32 12
34 12
35 24
38 20
39 30
42 84
43 11
47 12
48 24
49 30
50 62
fl=./elf/./elf/dl-catch.c
fn=_dl_catch_error
254 12
256 2
257 2
258 2
259 2
261 6
fn=_dl_catch_exception
58 63
59 42
69 42
70 105
204 168
207 42
214 21
228 21
229 42
235 126
237 63
239 84
248 63
fn=_dl_receive_error
58 2
59 1
69 2
70 2
186 7
188 1
192 1
194 1
197 1
198 4
fl=./elf/./elf/dl-debug.c
fn=_dl_debug_initialize
56 3
57 1
59 2
61 2
63 3
64 1
85 3
90 3
91 2
92 1
95 3
96 6
99 2
107 2
fn=_dl_debug_state
116 2
117 2
fn=_dl_debug_update
38 11
40 22
41 11
44 22
48 11
fl=./elf/./elf/dl-deps.c
fn=_dl_map_object_deps
128 3
129 5
130 6
132 3
136 8
143 13
144 20
160 9
161 1
164 1
182 1
183 6
184 1
188 25
190 52
193 12
197 36
198 81
201 40
205 20
208 32
210 40
215 10
216 10
217 20
218 20
219 10
221 1174
222 552
228 185
230 20
232 80
233 40
242 20
244 40
249 70
252 10
253 10
254 10
255 20
256 10
257 10
259 40
263 60
264 48
266 768
417 24
419 50
422 20
423 40
429 10
430 50
431 50
434 10
435 20
439 36
441 12
442 57
448 5
449 1
452 4
463 5
465 4
470 5
471 1
472 2
474 40
478 12
483 24
485 36
490 12
494 2
495 3
532 2
533 2
547 9
552 9
553 5
557 1
559 2
560 1
561 3
568 3
571 2
574 8
fn=openaux
61 120
64 220
65 20
68 20
69 60
fl=./elf/./elf/dl-environ.c
fn=_dl_next_ld_env_entry
28 3
29 3
32 115
34 74
35 18
37 2
40 4
42 2
45 35
fl=./elf/./elf/dl-find_object.c
fn=_dl_find_object_init
561 5
564 1
566 2
567 3
579 2
580 3
582 2
585 2
590 1
591 1
594 3
596 2
599 6
601 1
604 4
fn=_dlfo_process_initial
474 8
475 2
477 2
478 4
504 24
505 54
506 24
508 92
511 88
513 66
515 22
516 22
517 44
529 2
531 8
fn=_dlfo_sort_mappings
536 1
537 2
540 44
544 20
545 215
546 275
548 6
549 6
553 40
554 50
555 20
557 1
fl=./elf/./elf/dl-fini.c
fn=_dl_fini
26 11
43 1
46 13
49 2
51 1
54 2
56 5
61 1
63 4
68 18
73 40
75 24
77 24
79 24
80 12
81 12
85 12
87 6
88 6
94 6
103 2
108 66
110 12
112 24
114 48
117 24
122 12
126 5
132 6
134 1
138 2
145 8
fl=./elf/./elf/dl-hwcaps.c
fn=_dl_important_hwcaps
52 16
54 2
55 4
56 2
57 2
77 16
80 16
84 2
86 6
87 2
88 2
100 5
102 3
105 1
108 1
112 5
125 12
127 10
128 4
129 4
130 2
133 3
142 13
143 11
145 8
151 5
155 4
156 3
157 3
161 1
162 2
163 2
172 14
174 2
175 3
185 2
186 3
189 3
193 2
194 2
201 1
202 5
208 2
209 1
213 3
216 9
fl=./elf/./elf/dl-hwcaps_split.c
fn=_dl_hwcaps_split
25 5
26 3
27 1
47 4
fn=_dl_hwcaps_split_masked
26 44
30 24
34 78
35 12
36 24
41 36
42 18
43 12
45 6
51 110
55 5
56 18
57 27
58 24
60 6
62 88
67 12
fl=./elf/./elf/dl-init.c
fn=_dl_init
29 26
35 65
37 66
81 13
82 1
83 1
86 3
89 2
94 4
119 1
120 52
121 24
127 8
fn=call_init.part.0
26 144
43 36
46 36
47 2
51 22
59 33
60 54
63 11
64 22
70 30
72 20
73 98
74 48
76 96
fl=./elf/./elf/dl-load.c
fn=_dl_dst_count
238 180
241 40
244 40
245 20
264 180
fn=_dl_init_paths
706 13
720 4
725 1
727 3
734 3
735 2
739 4
741 4
747 1
748 1
756 8
758 8
759 4
761 5
762 7
763 4
766 13
767 10
768 18
770 32
776 1
777 1
782 1
785 3
787 4
789 3
806 1
808 3
822 2
825 5
827 23
831 2
832 60
833 14
834 28
836 1
837 1
838 2
844 6
847 3
853 1
857 8
fn=_dl_map_object
682 126
685 16
688 24
691 8
692 4
696 45
1967 252
1969 10
1975 42
1976 84
1979 588
1984 910
1986 650
1990 238
1991 357
1994 400
1995 240
1996 400
2010 40
2011 30
2019 30
2034 10
2036 50
2040 36
2042 18
2049 36
2053 9
2054 9
2058 63
2059 21
2073 45
2074 63
2075 9
2084 18
2099 18
2100 144
2106 27
2107 9
2115 9
2129 18
2131 27
2135 27
2137 18
2141 18
2149 18
2172 81
2176 27
2177 9
2194 18
2200 1
2201 4
2202 2
2203 2
2207 9
2210 3
2222 40
2267 20
2268 178
2270 199
fn=_dl_map_object_from_fd
944 140
959 40
989 265
990 130
1008 20
1036 40
1046 20
1053 80
1054 20
1065 20
1066 30
1067 20
1069 30
1070 40
1071 18
1074 17
1075 6
1086 10
1088 10
1090 220
1091 10
1092 10
1093 10
1094 10
1100 399
1101 981
1107 20
1114 21
1115 30
1116 100
1121 2
1122 1
1127 310
1135 200
1136 260
1137 200
1138 40
1139 80
1141 280
1143 80
1156 80
1157 150
1162 40
1163 410
1176 3
1180 4
1181 1
1185 5
1186 2
1189 1
1194 4
1209 20
1210 10
1213 30
1218 70
1228 190
1229 80
1235 20
1245 40
1252 70
1264 10
1268 40
1269 30
1275 30
1276 20
1278 20
1288 30
1307 30
1309 60
1361 30
1362 2
1368 326
1369 525
1375 153
1380 40
1393 20
1395 40
1397 20
1413 20
1417 20
1418 20
1435 20
1436 1
1439 20
1444 20
1449 20
1461 80
1462 15
1463 36
1464 12
1465 5
1471 20
1472 4
1477 2
1484 30
1487 20
1491 30
1492 30
1510 20
1514 70
1515 40
1519 90
fn=_dl_process_pt_gnu_property
868 33
869 22
870 11
876 22
882 55
885 33
886 22
887 22
890 33
891 33
895 11
896 22
900 28
901 14
904 28
907 14
908 56
918 33
920 44
fn=expand_dynamic_string_token
241 6
244 4
385 20
399 4
410 14
fn=fillin_rpath.isra.0
468 17
472 1
474 12
481 2
483 6
487 2
492 3
493 2
500 5
505 2
509 15
510 8
528 4
532 4
534 2
538 1
539 2
540 4
541 1
543 2
549 4
550 14
551 4
553 2
554 3
555 1
561 2
562 1
565 3
571 1
574 8
fn=open_path
1812 99
1813 18
1816 9
1817 9
1819 18
1822 18
1824 198
1827 18
1831 9
1835 54
1842 54
1843 198
1846 54
1851 121
1854 22
1860 33
1863 88
1865 33
1867 6
1872 6
1873 21
1879 9
1881 36
1882 2
1884 3
1891 78
1893 28
1937 72
1941 9
1943 36
1946 27
1960 81
fn=open_verify.constprop.0
1572 252
1604 63
1609 22
1623 105
1625 42
1633 10
1634 30
1639 60
1641 20
1643 20
1645 20
1651 20
1668 136
1749 20
1754 20
1760 40
1766 20
1772 40
1773 40
1777 16
1778 5
1799 189
fl=./elf/./elf/dl-lookup-direct.c
fn=_dl_lookup_direct
32 15
33 9
35 6
36 6
48 9
51 6
53 21
57 9
58 21
59 15
74 39
76 6
78 21
79 6
81 12
84 25
86 12
93 6
115 3
116 27
fl=./elf/./elf/dl-lookup.c
fn=_dl_lookup_symbol_x
772 6500
774 1000
775 2000
778 500
782 1686
785 1000
787 1000
791 7155
792 8500
797 2500
799 186
816 500
817 93
820 1000
821 3267
828 593
856 1876
870 1407
871 2
873 938
890 1876
892 4500
fn=check_match
70 7455
73 3976
78 56
86 2435
89 3158
93 487
94 974
96 722
115 722
116 2888
117 1715
118 36
119 36
144 252
146 756
147 504
161 469
162 3976
fn=do_lookup_x
347 7000
348 500
353 500
354 500
358 6152
361 6152
365 7152
386 6152
390 6152
396 9228
400 3076
401 3076
404 15380
405 9228
408 3076
409 6152
411 3076
412 1500
413 6152
415 3500
416 12304
419 21532
422 1196
423 1794
424 1196
426 1162
429 6290
431 1491
432 13349
433 994
436 1491
439 2423
461 3752
470 896
476 938
483 3364
487 291
499 938
500 469
501 469
518 7821
521 31
522 4000
fl=./elf/./elf/dl-minimal-malloc.c
fn=__minimal_calloc
80 120
84 24
87 24
88 72
fn=__minimal_free
97 1
99 4
fn=__minimal_malloc
36 512
37 192
42 3
43 2
44 2
48 255
51 432
56 16
57 16
59 4
60 32
62 8
64 16
65 12
67 11
70 65
71 69
73 384
fl=./elf/./elf/dl-minimal.c
fn=__rtld_malloc_init_real
76 10
86 2
87 1
89 1
91 6
92 5
93 5
94 4
99 1
100 1
101 1
102 1
103 8
fn=__rtld_malloc_init_stubs
42 1
43 2
44 2
45 2
46 2
47 1
fn=lookup_malloc_symbol
61 36
63 4
64 28
68 28
69 28
71 4
72 24
fn=strsep
239 2
242 4
244 2
245 4
247 2
249 47
251 28
254 56
256 84
264 14
267 1
271 4
fl=./elf/./elf/dl-misc.c
fn=_dl_name_match_p
68 1596
69 912
70 25
72 228
74 912
75 1265
80 228
82 203
83 912
fn=_dl_sysdep_read_whole_file
36 11
39 3
40 2
42 6
44 2
47 2
49 8
60 3
63 8
fl=./elf/./elf/dl-object.c
fn=_dl_add_to_namespace_list
31 99
33 33
35 98
38 260
40 10
42 10
45 2
46 33
47 22
48 22
50 22
51 55
fn=_dl_new_object
59 165
62 22
64 2
66 3
67 2
71 6
77 2
80 20
83 51
87 20
92 10
95 22
98 11
99 11
100 22
103 22
104 77
106 11
119 53
123 10
125 1
127 77
130 22
131 22
132 11
136 11
139 50
141 20
149 22
150 11
153 1
155 66
157 40
160 24
164 88
168 70
176 1
179 22
189 44
191 40
195 30
199 20
200 20
208 10
212 10
245 40
250 292
251 292
255 20
256 10
259 10
263 99
fl=./elf/./elf/dl-reloc.c
fn=_dl_relocate_object
170 2088
171 878
174 4481
175 456
177 38
178 152
182 802
183 401
184 401
186 3214
187 1975
188 790
190 2974
193 401
194 2807
196 38
207 143
208 26
220 24
221 36
224 48
226 36
228 12
229 36
251 60
252 24
253 5
255 24
262 36
301 10613
304 60
328 12
331 24
348 36
350 104
356 72
359 24
363 24
364 72
fl=./elf/./elf/dl-runtime.c
fn=_dl_fixup
46 1045
48 475
49 285
54 95
55 380
56 665
58 190
63 190
67 190
69 122
71 285
75 285
76 380
77 285
84 95
85 285
95 1045
99 475
109 950
124 380
125 26
133 285
159 285
163 760
fl=./elf/./elf/dl-setup_hash.c
fn=_dl_setup_hash
25 24
28 36
31 36
32 24
33 12
34 12
36 36
37 12
38 36
40 12
41 24
43 12
45 36
50 12
fl=./elf/./elf/dl-sort-maps.c
fn=_dl_sort_maps
140 108
181 2
182 4
183 82
184 48
211 34
216 4
218 2
219 10
221 74
223 24
226 68
244 8
263 8
276 8
283 2
298 26
306 6
310 18
fn=_dl_sort_maps_init
289 4
290 4
291 1
292 3
293 2
fn=dfs_traversal.part.0
135 216
140 128
143 24
145 72
147 344
156 86
171 72
172 24
173 156
fl=./elf/./elf/dl-tunables.c
fn=__GI___tunable_set_val
72 50
82 5
93 40
94 25
97 10
100 35
104 10
111 10
112 10
115 25
116 5
117 5
118 5
153 30
157 15
fn=__GI___tunables_init
42 190
45 37
48 2562
52 74
56 148
128 1
261 10
267 4
281 6068
283 2
287 10989
304 8
fn=__tunable_get_val
387 90
390 534
399 57
400 15
409 36
416 270
418 45
fl=./elf/./elf/dl-tunables.h
fn=__GI___tunable_set_val
141 10
142 10
151 5
fn=__GI___tunables_init
160 728
161 1735
fl=./elf/./elf/dl-version.c
fn=_dl_check_all_versions
392 7
394 1
396 41
397 12
398 108
401 7
fn=_dl_check_map_versions
36 280
37 84
38 504
56 236
64 177
70 177
86 59
87 118
89 59
94 1929
108 1634
110 59
113 472
120 2274
124 758
155 120
156 12
164 22
170 36
172 60
174 12
175 12
177 24
180 30
184 80
198 4
200 42
208 42
213 42
215 45
217 236
218 384
221 118
224 177
225 5
228 30
231 236
234 177
239 45
243 42
248 4
257 55
260 10
263 347
266 259
270 78
274 33
279 11
280 44
281 33
291 11
294 57
296 22
299 40
301 4
303 42
306 177
308 236
310 295
311 118
312 177
313 177
316 177
321 45
324 42
329 4
334 22
337 10
341 78
343 166
347 78
348 390
349 234
350 78
353 249
357 78
365 10
366 20
367 20
368 4
370 4
372 124
373 60
375 2
376 7
387 108
fl=./elf/./elf/do-rel.h
fn=_dl_relocate_object
49 72
50 72
51 12
53 120
72 16
73 17
80 72
83 835
85 1060
96 30
97 10
114 57
123 5648
124 3734
126 57
129 68
131 2159
133 2580
134 2064
135 1548
136 2064
138 1548
141 272
142 68
143 68
147 448
150 1361
151 654
164 44
165 285
166 252
169 204
171 272
172 68
173 136
180 31
182 42
183 12
185 18
193 6
196 18
211 7
fn=_dl_start
49 6
50 4
51 1
53 10
56 4
61 13
63 9
64 6
65 3
fl=./elf/./elf/get-dynamic-info.h
fn=_dl_map_object_from_fd
39 20
43 10
45 1086
49 528
51 128
52 64
53 6
54 242
55 202
56 50
59 40
62 40
64 40
68 264
72 40
84 32
85 40
86 40
87 40
88 32
89 39
90 39
91 40
103 80
110 31
115 18
122 18
123 30
129 30
130 6
147 30
152 8
154 8
156 8
158 8
159 8
162 30
164 15
165 10
174 10
175 15
180 10
181 12
184 20
fl=./elf/./elf/libc_early_init.c
fn=__libc_early_init
33 9
35 1
38 2
41 2
47 4
49 2
fl=./elf/./elf/rtld.c
fn=_dl_start
85 8
458 2
476 3
477 1
478 2
488 1
494 4
496 2
517 16
543 1
546 2
547 4
563 190
565 1
578 1
585 9
fn=dl_main
85 17
92 12
93 2
101 9
197 2
199 1
224 3
225 5
226 4
296 3
302 1
303 1
837 1
839 1
848 1
850 1
855 1
1115 1
1116 1
1118 1
1122 3
1124 1
1125 1
1140 1
1143 46
1144 117
1148 3
1153 3
1154 9
1163 2
1164 2
1166 1
1173 3
1191 2
1199 8
1200 17
1201 8
1202 1
1204 12
1205 14
1209 8
1210 8
1211 4
1215 12
1243 2
1247 3
1253 28
1254 61
1260 17
1266 4
1269 3
1271 3
1346 13
1351 1
1352 1
1357 1
1373 3
1374 4
1637 10
1639 2
1640 3
1641 2
1642 3
1646 2
1647 2
1672 3
1673 5
1674 3
1675 3
1678 1
1680 1
1681 1
1683 2
1684 2
1688 2
1690 2
1698 4
1705 2
1708 2
1733 4
1735 1
1740 2
1743 4
1744 4
1745 3
1746 1
1747 1
1748 1
1759 2
1760 2
1762 2
1764 1
1765 3
1770 5
1771 5
1773 3
1779 2
1788 2
1792 1
1793 2
1817 2
1823 1
1824 1
1825 1
1829 3
1834 3
1836 1
1838 2
1842 5
1847 2
1863 6
1939 4
1943 19
1944 1
1947 3
1948 1
1949 2
1950 2
1955 3
1965 9
1971 51
1972 28
1975 3
1976 2
1977 1
1979 30
1980 14
1984 2
1990 1
1992 3
1993 2
1995 2
1997 4
1999 3
2000 1
2001 2
2013 2
2014 2
2015 3
2017 2
2018 2
2026 5
2027 4
2028 5
2038 2
2039 2
2040 4
2042 2
2047 3
2246 3
2250 3
2256 2
2259 2
2267 2
2279 3
2282 3
2284 3
2285 6
2292 2
2293 45
2295 24
2300 24
2302 26
2304 1
2305 1
2308 12
2310 24
2311 88
2315 26
2316 3
2325 2
2329 4
2331 1
2338 4
2341 2
2345 3
2347 2
2357 1
2362 3
2365 1
2371 1
2372 5
2380 3
2387 1
2390 3
2394 3
2395 1
2396 1
2397 1
2401 1
2406 8
2538 1
2598 1
2600 2
2602 15
2604 2
2606 107
2607 19
2615 13
2640 2
2650 4
2652 2
2653 1
2687 5
2689 2
2690 2
2691 1
2727 5
2749 3
fn=handle_preload_list
183 3
806 1
810 2
811 2
812 1
814 1
816 6
817 3
825 3
869 13
870 3
874 5
877 4
878 3
880 4
881 2
887 1
889 2
891 2
892 1
895 9
fn=init_tls
734 4
736 2
740 3
746 2
749 1
750 1
751 1
755 1
757 1
761 2
762 2
763 28
764 12
765 24
769 3
771 1
773 3
776 2
779 1
786 2
787 2
793 2
797 1
800 5
fn=map_doit
641 6
643 4
644 6
646 3
fn=version_check_doit
674 6
676 6
680 3
fl=./elf/./get-dynamic-info.h
fn=_dl_start
45 75
49 36
51 10
52 5
54 20
55 16
56 5
59 4
62 4
64 4
68 18
72 3
84 4
85 3
86 4
87 4
88 5
89 3
90 4
91 4
103 10
110 3
123 3
129 3
130 3
133 2
134 3
139 5
142 5
fn=dl_main
39 4
43 1
45 119
49 58
51 12
52 6
54 25
55 21
56 5
59 4
62 4
64 4
68 29
72 7
84 3
85 5
86 5
87 5
88 4
89 5
90 5
91 5
103 9
110 3
115 2
122 3
123 4
129 3
147 4
152 2
154 2
156 2
158 2
159 2
162 4
164 3
165 2
174 2
175 3
180 2
181 3
184 3
fl=./elf/./setup-vdso.h
fn=dl_main
24 2
fl=./io/../sysdeps/unix/sysv/linux/access.c
fn=access
25 2
27 11
31 2
fl=./io/../sysdeps/unix/sysv/linux/close.c
fn=close
26 17
27 102
28 17
fl=./io/../sysdeps/unix/sysv/linux/close_nocancel.c
fn=__GI___close_nocancel
25 11
26 44
27 11
fn=__close_nocancel
25 1
26 4
27 1
fl=./io/../sysdeps/unix/sysv/linux/fcntl64.c
fn=fcntl
38 24
42 15
48 12
51 3
52 15
fl=./io/../sysdeps/unix/sysv/linux/fcntl_nocancel.c
fn=__fcntl64_nocancel_adjusted
51 21
52 6
63 12
64 15
fl=./io/../sysdeps/unix/sysv/linux/fstat64.c
fn=fstat
30 12
39 48
72 12
fl=./io/../sysdeps/unix/sysv/linux/fstatat64.c
fn=fstatat
91 6
146 6
160 4
161 11
162 1
fl=./io/../sysdeps/unix/sysv/linux/lseek64.c
fn=lseek
28 7
40 28
42 7
fl=./io/../sysdeps/unix/sysv/linux/open64.c
fn=open
30 192
33 112
41 144
43 128
fl=./io/../sysdeps/unix/sysv/linux/open64_nocancel.c
fn=__open_nocancel
28 88
31 154
39 187
41 44
fl=./io/../sysdeps/unix/sysv/linux/poll.c
fn=poll
27 142
29 852
43 142
fl=./io/../sysdeps/unix/sysv/linux/pread64_nocancel.c
fn=__pread64_nocancel
25 4
26 8
27 2
fl=./io/../sysdeps/unix/sysv/linux/read.c
fn=read
25 30
26 180
27 30
fl=./io/../sysdeps/unix/sysv/linux/read_nocancel.c
fn=__read_nocancel
25 10
26 40
27 10
fl=./io/../sysdeps/unix/sysv/linux/stat64.c
fn=stat
28 6
29 12
fl=./io/../sysdeps/unix/sysv/linux/write.c
fn=write
25 293
26 1758
27 293
fl=./libio/../include/printf_buffer.h
fn=__vsnprintf_internal
124 9
127 3
128 3
137 6
fl=./libio/../string/bits/string_fortified.h
fn=_IO_file_xsgetn
29 27
fl=./libio/./libio/filedoalloc.c
fn=_IO_file_doallocate
78 11
84 9
86 4
97 4
101 3
102 2
104 4
105 1
106 9
fl=./libio/./libio/fileops.c
fn=_IO_file_close
1165 1
1168 2
fn=_IO_file_close_it@@GLIBC_2.2.5
128 7
130 3
133 2
134 3
137 1
139 2
142 7
145 3
153 5
154 4
157 2
158 1
159 1
160 1
162 2
163 7
fn=_IO_file_finish@@GLIBC_2.2.5
168 6
169 2
175 3
176 3
fn=_IO_file_fopen@@GLIBC_2.2.5
213 12
214 1
222 2
224 6
227 1
228 2
247 26
273 1
281 5
284 2
287 4
288 2
357 12
fn=_IO_file_open
182 12
184 2
185 1
188 2
189 2
191 1
192 6
195 3
205 2
206 1
207 6
fn=_IO_file_read
1131 2
1133 2
1134 6
fn=_IO_file_stat
1147 1
1148 2
fn=_IO_file_underflow@@GLIBC_2.2.5
462 20
466 6
467 2
469 4
475 6
478 4
490 4
506 4
512 12
517 10
519 4
522 7
526 1
532 1
535 3
537 2
538 16
fn=_IO_file_xsgetn
1273 120
1280 20
1283 3
1288 3
1291 68
1293 33
1294 22
1297 9
1302 4
1310 4
1319 6
1320 8
1322 8
1360 2
1361 80
fn=_IO_new_file_init_internal
106 6
110 1
111 1
113 1
114 1
115 3
fl=./libio/./libio/genops.c
fn=_IO_cleanup
776 6
777 10
780 13
784 3
785 36
792 7
794 6
814 3
816 29
817 3
821 7
822 2
842 12
843 2
855 12
fn=_IO_default_finish
54 2
601 6
603 3
609 3
612 3
624 3
fn=_IO_doallocbuf
343 8
344 2
346 3
347 5
350 6
fn=_IO_flush_all
686 12
687 3
691 6
692 9
695 12
697 3
698 36
700 21
708 33
709 3
713 7
714 2
718 12
fn=_IO_link_in
87 14
88 10
90 2
92 7
93 9
94 1
95 9
97 2
98 1
100 5
101 1
102 6
103 2
106 19
fn=_IO_no_init
563 11
564 1
565 1
566 2
568 1
572 6
579 1
581 1
587 1
588 6
fn=_IO_old_init
531 1
532 2
534 6
539 7
544 1
550 2
555 3
556 2
558 1
fn=_IO_setb
329 22
330 10
331 1
332 2
333 2
335 14
338 12
fn=_IO_sgetn
409 50
411 30
412 20
fn=_IO_switch_to_get_mode
164 12
165 6
168 6
172 4
173 4
176 2
178 4
180 4
181 2
182 8
fn=_IO_un_link
53 2
54 4
82 2
fn=_IO_unsave_markers
937 6
939 2
944 3
946 3
fn=__GI__IO_un_link.part.0
52 10
58 6
59 10
60 1
61 13
63 3
65 2
66 3
74 2
76 10
77 1
78 6
79 2
82 9
fn=__underflow
173 2
269 12
270 9
275 6
278 6
280 4
286 4
291 6
293 8
294 6
fl=./libio/./libio/iofclose.c
fn=fclose@@GLIBC_2.2.5
34 8
48 3
49 1
51 13
52 2
53 3
57 4
58 3
71 2
76 7
fl=./libio/./libio/iofopen.c
fn=fopen@@GLIBC_2.2.5
37 2
65 2
67 3
70 2
72 7
73 2
74 2
75 7
85 9
87 7
fl=./libio/./libio/iofread.c
fn=fread
31 90
32 20
35 60
37 140
38 40
40 41
41 90
fl=./libio/./libio/libioP.h
fn=_IO_cleanup
1025 1
fn=_IO_doallocbuf
1025 3
1026 2
fn=_IO_file_close_it@@GLIBC_2.2.5
1025 3
1026 2
fn=_IO_file_doallocate
1025 3
1026 2
fn=_IO_file_underflow@@GLIBC_2.2.5
1025 8
1026 4
fn=_IO_file_xsgetn
1025 10
fn=_IO_flush_all
1025 2
fn=_IO_sgetn
1025 30
1026 20
fn=__underflow
1025 6
1026 4
fn=fclose@@GLIBC_2.2.5
951 4
952 4
958 2
979 4
980 9
1025 3
1026 2
fn=fread
979 20
980 90
fl=./libio/./libio/vsnprintf.c
fn=__vsnprintf_internal
63 6
66 3
75 9
76 3
87 6
93 39
96 9
98 18
fl=./libio/./libio/vtables.c
fn=check_stdfiles_vtables
545 1
546 4
547 3
548 3
550 1
fl=./malloc/../string/bits/string_fortified.h
fn=_int_realloc
29 2
fn=calloc
59 129
fn=tcache_init.part.0
59 88
fl=./malloc/../sysdeps/unix/sysv/linux/not-cancel.h
fn=ptmalloc_init.part.0
97 6
fl=./malloc/./malloc/arena.c
fn=calloc
153 140
fn=free
153 11076
fn=malloc
153 1352
264 1
fn=ptmalloc_init.part.0
262 8
267 1
292 2
296 3
300 4
301 4
302 4
303 4
304 4
305 4
306 4
308 4
309 4
310 4
313 4
314 4
316 2
326 8
fn=realloc
153 7
fl=./malloc/./malloc/malloc.c
fn=_int_free
1792 2588
1992 7488
3163 2210
3165 4420
3166 1105
3167 2210
4495 25851
4499 11079
4505 14772
4506 7386
4510 18465
4517 7386
4518 22158
4521 3680
4527 11040
4547 18400
4550 1105
4561 5176
4572 9984
4574 7488
4593 2496
4595 2496
4596 2496
4600 7488
4602 4992
4606 4992
4608 7488
4609 2496
4628 9984
4637 184
4640 184
4643 184
4646 184
4658 22066
fn=_int_free_maybe_consolidate
4770 1012
4776 184
4778 16
4779 4
4781 12
4784 20
4798 1012
fn=_int_free_merge_chunk
1992 276
4665 736
4666 92
4670 552
4673 368
4675 276
4678 276
4681 184
4682 184
4683 184
4689 184
4691 30
4692 30
4693 30
4694 120
4696 60
4701 276
4702 644
4714 184
4720 184
4721 102
4722 102
4724 41
4732 92
4733 368
4734 184
4736 92
4738 184
4740 174
4743 92
4744 92
4746 276
4747 92
fn=_int_malloc
1326 1496
1345 4488
1794 743
1985 963
2008 12
2017 2
2552 18
2553 2
2564 6
2565 3
2568 4
2576 6
2577 2
2589 8
2590 4
2599 16
2605 3
2608 6
2669 6
2677 4
2678 6
2691 6
2693 2
2699 10
2707 4
2709 8
2710 6
2711 2
2712 2
2715 4
2744 10
2745 1
2746 4
2752 16
2753 6
2755 4
2782 2
2783 1
2795 3
2814 2
2817 2
2818 6
2820 1
2821 6
2833 5
2873 1
2875 1
2876 5
2877 1
2888 3
2921 6
2922 2
2926 2
2930 10
2932 2
2933 2
2934 2
2935 14
2936 4
2938 2
3159 8
3163 3878
3165 4183
3166 1943
3167 3878
3168 8
3846 8228
3882 1
3887 1496
3914 1511
3916 2392
3917 297
3919 608
3921 1206
3923 594
3926 594
3927 1485
3930 918
3932 594
3933 594
3939 594
3940 1782
3945 2826
3946 10356
3948 3870
3950 3870
3951 11610
3977 290
3979 1976
3980 872
3982 1308
3984 7
3985 14
3987 7
3988 7
3989 7
3991 21
3997 14
3998 42
4003 47
4004 22
4006 8
4008 4
4009 4
4010 8
4012 4
4013 4
4020 7
4039 179
4040 45
4041 6
4058 1330
4059 1332
4060 1332
4069 640
4070 2437
4072 333
4073 666
4074 333
4076 666
4077 999
4079 333
4080 1332
4082 1332
4084 666
4085 666
4087 666
4098 1332
4099 622
4100 614
4101 307
4104 304
4105 304
4106 304
4107 912
4108 912
4109 608
4111 564
4115 2432
4117 912
4118 304
4121 304
4122 912
4123 304
4127 29
4128 29
4132 58
4161 62
4163 32
4164 64
4165 16
4169 223
4170 39
4171 13
4174 26
4218 52
4221 203
4222 29
4223 29
4224 29
4225 29
4230 58
4231 58
4240 116
4246 32
4257 420
4259 60
4262 45
4263 140
4330 140
4331 280
4332 280
4333 280
4334 840
4339 605
4343 1340
4346 1412
4348 56
4349 28
4353 544
4355 243
4357 486
4361 29
4364 58
4366 60
4367 12
4368 12
4373 68
4376 34
4378 51
4381 51
4384 68
4386 3
4387 9
4394 14
4399 56
4400 28
4403 14
4404 14
4405 14
4408 28
4409 8
4410 28
4412 24
4415 112
4417 42
4418 14
4421 17
4443 123
4444 246
4446 246
4449 369
4451 120
4452 240
4453 120
4454 960
4456 240
4459 240
4460 369
4461 123
4466 12
4482 4
4487 8976
fn=_int_realloc
4914 8
4925 4
4926 5
4927 4
4933 2
4935 2
4936 3
4938 4
4941 2
4951 2
4963 2
4964 2
4965 1
4975 5
4976 2
4979 1
4980 1
4985 3
4992 1
4993 7
4997 4
4999 1
5030 9
fn=alloc_perturb
1985 1281
1987 427
fn=calloc
3699 630
3709 630
3717 140
3720 210
3722 140
3732 70
3733 210
3754 210
3756 700
3759 210
3784 70
3796 210
3799 350
3807 70
3809 140
3811 140
3816 54
3818 27
3819 54
3821 13
3823 26
3825 10
3827 20
3829 14
3837 517
fn=free
3359 25911
3363 7506
3371 7386
3373 3693
3375 11079
3379 3
3381 4
3383 2
3384 2
3385 1
3388 2
3392 11076
3398 11076
3401 3693
3402 22218
fn=malloc
1326 7264
1345 18136
3178 5912
3182 5912
3186 11824
3190 5912
3191 2956
3248 4
3294 29056
3301 7264
3311 7216
3313 14528
3316 7264
3317 4
3318 10881
3326 1352
3328 2704
3329 3380
3354 21792
fn=malloc_consolidate
4811 36
4826 4
4828 8
4839 4
4841 80
4842 80
4845 514
4849 771
4850 1028
4855 1285
4858 514
4859 257
4860 771
4862 514
4863 93
4864 93
4865 93
4866 372
4868 1116
4871 514
4874 514
4875 121
4876 968
4878 272
4880 257
4881 514
4882 514
4884 514
4885 26
4889 771
4891 257
4892 499
4901 763
4904 120
4905 32
fn=munmap_chunk
3024 2
3025 2
3026 3
3028 2
3030 1
3031 3
3032 1
3038 4
3039 5
3042 1
3043 3
3048 2
3049 1
fn=ptmalloc_init.part.0
1946 385
1949 381
1957 1
1958 1
1960 1
3143 2
fn=realloc
1326 2
1345 6
3407 22
3413 4
3417 4
3424 4
3425 2
3433 1
3441 2
3443 1
3444 2
3456 3
3464 4
3465 2
3475 2
3506 2
3508 7
3509 7
3538 16
5238 3
5239 3
5240 2
5241 1
fn=sysmalloc_mmap.isra.0
2008 4
2400 6
2413 3
2418 2
2421 10
2424 2
2428 2
2432 4
2448 3
2466 1
2467 3
2471 3
2472 5
2475 3
2476 5
2481 7
fn=tcache_init.part.0
3242 4
3251 8
3252 3
3253 2
3261 4
3270 2
3274 3
fn=unlink_chunk.isra.0
1608 624
1610 1560
1613 624
1614 624
1616 1248
1619 312
1620 312
1621 834
1623 26
1624 39
1627 26
1641 13
1642 13
1645 624
fl=./malloc/./malloc/morecore.c
fn=__glibc_morecore
25 9
26 6
29 3
30 6
34 6
fl=./malloc/./malloc/scratch_buffer_set_array_size.c
fn=__libc_scratch_buffer_set_array_size
30 130
34 10
35 20
45 20
46 10
63 60
fl=./math/../sysdeps/ieee754/dbl-64/e_atan2.c
fn=__ieee754_atan2_fma
60 297
73 108
79 81
81 108
88 54
90 16
92 16
93 8
98 38
110 76
112 38
113 14
115 24
363 135
fl=./math/../sysdeps/ieee754/dbl-64/e_fmod.c
fn=fmod@@GLIBC_2.38
66 81027
70 30375
72 121581
73 40527
76 81054
79 91206
84 20250
85 20250
86 20250
90 50625
94 20250
95 30375
97 50625
99 20250
102 20250
103 10125
104 20250
105 10125
174 70902
fl=./math/../sysdeps/ieee754/dbl-64/math_config.h
fn=fmod@@GLIBC_2.38
50 20250
85 81054
97 20250
fl=./math/../sysdeps/ieee754/dbl-64/s_sin.c
fn=__cos_fma
104 19
105 76
107 40665
108 57
111 19
112 76
113 76
114 209
115 76
116 38
128 121824
129 446688
156 121881
157 40627
159 81254
160 81254
164 121881
165 81254
168 121881
169 121881
171 40627
172 40627
182 81254
189 81278
265 325016
276 121881
279 81254
280 40627
282 81254
288 81254
298 81254
301 40627
319 284389
fn=__sin_fma
104 40608
105 162432
107 121843
108 121824
111 40608
112 162432
113 162432
114 446688
115 162432
116 81216
128 57
129 209
156 121881
157 40627
159 121881
164 121881
165 81254
168 121881
169 121881
171 40627
172 40627
182 81254
189 162494
201 325016
211 121881
212 81254
218 81254
225 81254
233 81254
254 243762
fl=./math/../sysdeps/x86/fpu/fenv_private.h
fn=__cos_fma
415 40627
416 162508
419 81254
425 40627
431 81254
fn=__sin_fma
415 40627
416 162508
419 81254
425 40627
431 81254
fl=./math/../sysdeps/x86_64/fpu/multiarch/e_asin.c
fn=__acos_finite@GLIBC_2.15
35 1
fn=__asin_finite@GLIBC_2.15
27 2
fl=./math/../sysdeps/x86_64/fpu/multiarch/e_atan2.c
fn=__atan2_finite@GLIBC_2.15
26 2
fl=./math/../sysdeps/x86_64/fpu/multiarch/e_exp.c
fn=__exp_finite@GLIBC_2.15
27 2
fl=./math/../sysdeps/x86_64/fpu/multiarch/e_exp2f.c
fn=exp2f@@GLIBC_2.27
27 2
fl=./math/../sysdeps/x86_64/fpu/multiarch/e_expf.c
fn=expf@@GLIBC_2.27
27 2
fl=./math/../sysdeps/x86_64/fpu/multiarch/e_log.c
fn=__log_finite@GLIBC_2.15
27 2
fl=./math/../sysdeps/x86_64/fpu/multiarch/e_log2.c
fn=log2@@GLIBC_2.29
27 2
fl=./math/../sysdeps/x86_64/fpu/multiarch/e_log2f.c
fn=log2f@@GLIBC_2.27
27 2
fl=./math/../sysdeps/x86_64/fpu/multiarch/e_logf.c
fn=logf@@GLIBC_2.27
27 2
fl=./math/../sysdeps/x86_64/fpu/multiarch/e_pow.c
fn=__pow_finite@GLIBC_2.15
27 2
fl=./math/../sysdeps/x86_64/fpu/multiarch/e_powf.c
fn=powf@@GLIBC_2.27
30 1
fl=./math/../sysdeps/x86_64/fpu/multiarch/ifunc-avx-fma4.h
fn=__atan2_finite@GLIBC_2.15
32 5
33 2
fn=__exp_finite@GLIBC_2.15
32 5
33 2
fn=__log_finite@GLIBC_2.15
32 5
33 2
fn=cos
32 10
33 4
fn=sin
32 10
33 4
fl=./math/../sysdeps/x86_64/fpu/multiarch/ifunc-fma.h
fn=__log1p
29 4
30 3
fn=cosf
29 4
30 3
fn=exp2f@@GLIBC_2.27
29 4
30 3
fn=expf@@GLIBC_2.27
29 4
30 3
fn=expm1
29 4
30 3
fn=log2@@GLIBC_2.29
29 4
30 3
fn=log2f@@GLIBC_2.27
29 4
30 3
fn=logf@@GLIBC_2.27
29 4
30 3
fn=powf@@GLIBC_2.27
29 4
30 4
fn=sincosf
29 4
30 3
fn=sinf
29 4
30 3
fl=./math/../sysdeps/x86_64/fpu/multiarch/ifunc-fma4.h
fn=__acos_finite@GLIBC_2.15
31 4
32 2
35 1
fn=__asin_finite@GLIBC_2.15
31 4
32 2
fn=__pow_finite@GLIBC_2.15
31 4
32 2
fn=sincos
31 4
32 2
fl=./math/../sysdeps/x86_64/fpu/multiarch/ifunc-sse4_1.h
fn=floor
29 5
fl=./math/../sysdeps/x86_64/fpu/multiarch/s_cosf.c
fn=cosf
26 2
fl=./math/../sysdeps/x86_64/fpu/multiarch/s_expm1.c
fn=expm1
26 2
fl=./math/../sysdeps/x86_64/fpu/multiarch/s_floor-sse4_1.S
fn=__floor_sse41
21 40581
22 40581
23 40581
fl=./math/../sysdeps/x86_64/fpu/multiarch/s_floor.c
fn=floor
31 2
fl=./math/../sysdeps/x86_64/fpu/multiarch/s_fma.c
fn=fma
49 6
fl=./math/../sysdeps/x86_64/fpu/multiarch/s_log1p.c
fn=__log1p
26 2
fl=./math/../sysdeps/x86_64/fpu/multiarch/s_sin.c
fn=cos
34 4
fn=sin
27 4
fl=./math/../sysdeps/x86_64/fpu/multiarch/s_sincos.c
fn=sincos
26 2
fl=./math/../sysdeps/x86_64/fpu/multiarch/s_sincosf.c
fn=sincosf
26 2
fl=./math/../sysdeps/x86_64/fpu/multiarch/s_sinf.c
fn=sinf
26 2
fl=./math/../sysdeps/x86_64/fpu/s_fmax.S
fn=fmax
23 46330375
24 46330375
25 46330375
26 46330375
27 46330375
50 46330375
fl=./math/../sysdeps/x86_64/fpu/s_fmin.S
fn=fmin
23 46330375
24 46330375
25 46330375
26 46330375
27 46330375
50 46330375
fl=./math/./math/w_atan2_compat.c
fn=atan2
32 111
35 356
38 92
39 133
42 38
fl=./misc/../sysdeps/posix/gethostname.c
fn=gethostname
28 26
32 8
35 10
36 38
38 4
44 22
fl=./misc/../sysdeps/unix/syscall-template.S
fn=mprotect
117 60
122 12
fn=munmap
117 45
122 9
fl=./misc/../sysdeps/unix/sysv/linux/brk.c
fn=brk
36 3
37 6
38 6
44 3
45 3
fl=./misc/../sysdeps/unix/sysv/linux/brk_call.h
fn=brk
24 6
fl=./misc/../sysdeps/unix/sysv/linux/mmap64.c
fn=mmap
47 385
50 110
53 245
58 330
60 220
fl=./misc/../sysdeps/unix/sysv/linux/setvmaname.c
fn=__set_vma_name
33 20
35 20
40 14
47 2
48 1
49 18
fl=./misc/../sysdeps/unix/sysv/linux/writev.c
fn=writev
25 88
26 528
27 88
fl=./misc/./misc/init-misc.c
fn=__init_misc
30 5
31 6
33 3
37 5
38 3
40 4
fl=./misc/./misc/sbrk.c
fn=sbrk
37 24
40 6
43 6
58 6
59 4
62 6
63 2
66 8
74 6
78 21
fl=./nptl/../string/bits/string_fortified.h
fn=pthread_cond_init@@GLIBC_2.3.2
59 28
fn=pthread_mutex_init@@GLIBC_2.2.5
59 40
fl=./nptl/../sysdeps/nptl/futex-internal.h
fn=pthread_cond_destroy@@GLIBC_2.3.2
146 404
fl=./nptl/../sysdeps/unix/sysv/linux/x86/elision-conf.c
fn=__lll_elision_init
92 8
96 5
98 4
100 4
102 4
104 4
107 3
108 1
109 6
fl=./nptl/./nptl/libc-cleanup.c
fn=__libc_cleanup_pop_restore
54 4
55 4
57 8
59 4
60 12
71 4
fn=__libc_cleanup_push_defer
24 4
25 4
27 8
29 8
32 8
46 12
48 4
49 4
fl=./nptl/./nptl/pthread_cond_broadcast.c
fn=pthread_cond_broadcast@@GLIBC_2.3.2
39 1818
40 202
42 202
43 606
88 1818
fl=./nptl/./nptl/pthread_cond_destroy.c
fn=pthread_cond_destroy@@GLIBC_2.3.2
42 101
43 101
49 707
50 101
51 404
59 202
fl=./nptl/./nptl/pthread_cond_init.c
fn=pthread_cond_init@@GLIBC_2.3.2
27 7
38 14
47 7
50 14
fl=./nptl/./nptl/pthread_cond_signal.c
fn=pthread_cond_signal@@GLIBC_2.3.2
35 14445
36 1605
41 1605
42 4815
96 14445
fl=./nptl/./nptl/pthread_mutex_conf.c
fn=__pthread_tunables_init
55 8
56 5
58 4
60 4
62 6
fl=./nptl/./nptl/pthread_mutex_destroy.c
fn=pthread_mutex_destroy@@GLIBC_2.2.5
26 5
27 5
31 15
33 15
34 5
39 5
41 5
42 5
fl=./nptl/./nptl/pthread_mutex_init.c
fn=pthread_mutex_init@@GLIBC_2.2.5
53 96
65 24
92 16
105 48
136 32
140 8
149 8
151 8
152 80
fl=./nptl/./nptl/pthread_mutex_lock.c
fn=pthread_mutex_lock@@GLIBC_2.2.5
44 5028
45 35196
46 10055
77 25140
80 15084
82 5028
84 10056
88 10056
90 15081
94 15081
97 2
108 4
112 1
115 2
124 5028
130 3
131 2
179 5028
182 5028
184 5028
187 5028
190 15084
fl=./nptl/./nptl/pthread_mutex_unlock.c
fn=pthread_mutex_unlock@@GLIBC_2.2.5
39 5028
40 20112
41 5028
51 15084
52 10056
57 10056
62 5028
65 5028
70 5028
72 5028
74 2
80 4
84 3
87 2
367 20112
369 10056
fl=./nptl/./nptl/pthread_self.c
fn=pthread_self
23 38
25 76
fl=./posix/../malloc/dynarray-skeleton.c
fn=__unregister_atfork
243 10
fl=./posix/../sysdeps/unix/syscall-template.S
fn=uname
120 10
122 2
fl=./posix/../sysdeps/unix/sysv/linux/_exit.c
fn=_Exit
27 2
30 4
fl=./posix/./posix/register-atfork.c
fn=__unregister_atfork
71 20
82 60
83 40
109 40
110 30
fl=./resource/../sysdeps/unix/sysv/linux/getrlimit64.c
fn=getrlimit
38 2
39 7
40 1
fl=./setjmp/../sysdeps/x86_64/bsd-_setjmp.S
fn=_setjmp
28 1
30 1
32 1
fl=./setjmp/../sysdeps/x86_64/setjmp.S
fn=__sigsetjmp
31 22
33 22
42 22
43 44
44 22
48 22
49 22
50 22
51 22
52 22
54 44
56 22
57 22
58 22
60 44
62 22
67 1
68 1
70 21
73 21
74 21
81 21
82 21
85 1
fl=./setjmp/./setjmp/sigjmp.c
fn=__sigjmp_save
28 6
29 1
30 2
34 4
fl=./socket/../sysdeps/unix/syscall-template.S
fn=getpeername
120 5
122 1
fn=shutdown
120 5
122 1
fn=socket
120 10
122 2
fl=./socket/../sysdeps/unix/sysv/linux/connect.c
fn=connect
24 2
26 17
30 1
fl=./socket/../sysdeps/unix/sysv/linux/getsockopt.c
fn=getsockopt
29 4
93 2
102 1
fl=./socket/../sysdeps/unix/sysv/linux/recv.c
fn=recv
24 6
28 24
32 3
fl=./socket/../sysdeps/unix/sysv/linux/recvmsg.c
fn=recvmsg
27 2482
35 1310
41 80
49 1048
fl=./stdio-common/../include/printf_buffer.h
fn=__printf_buffer
163 8
fl=./stdio-common/../string/bits/string_fortified.h
fn=__printf_buffer_write
29 15
fl=./stdio-common/./stdio-common/Xprintf_buffer_done.c
fn=__printf_buffer_done
25 3
26 9
31 6
33 36
40 3
fl=./stdio-common/./stdio-common/Xprintf_buffer_write.c
fn=__printf_buffer_write
27 104
28 39
31 46
33 25
36 5
37 10
40 15
41 5
44 78
fl=./stdio-common/./stdio-common/_itoa.c
fn=_itoa_word
169 2
172 8
174 4
183 32
192 4
fl=./stdio-common/./stdio-common/printf-parse.h
fn=__printf_buffer
82 35
fl=./stdio-common/./stdio-common/vfprintf-internal.c
fn=__printf_buffer
600 45
627 15
631 3
634 3
638 12
642 3
653 9
654 6
655 9
659 6
663 24
683 5
684 5
685 5
686 5
687 5
690 10
691 5
692 5
693 5
694 5
695 5
698 5
699 5
705 70
973 9
1018 5
1024 5
1028 15
1029 10
1031 16
1044 33
fl=./stdio-common/./stdio-common/vfprintf-process-arg.c
fn=__printf_buffer
35 2
48 4
49 2
50 4
52 4
53 16
57 4
58 4
67 2
136 6
138 4
155 30
161 18
166 12
170 4
186 10
187 8
195 10
197 6
199 8
201 14
206 4
208 8
211 4
224 4
233 4
236 4
240 10
403 24
408 6
422 18
430 6
435 12
455 9
491 3
501 12
502 3
fl=./stdlib/../stdlib/strtol.c
fn=__isoc23_strtoul
125 2
126 10
fn=strtol
116 526
117 2630
fl=./stdlib/../stdlib/strtol_l.c
fn=____strtol_l_internal
238 6838
252 526
257 526
258 553
264 1052
292 526
295 2104
304 3156
306 1052
310 526
311 1052
316 1052
320 1052
322 7
327 2
332 6
335 1050
342 1050
345 112
387 499
390 1491
391 2485
393 526
394 526
395 527
449 6082
451 14789
453 9123
460 2480
477 3006
478 3006
481 9123
484 12164
489 4093
490 9123
495 1052
500 1578
506 1052
507 1052
509 1578
524 526
546 4208
fn=____strtoul_l_internal
238 26
252 2
257 2
258 2
264 4
292 2
295 8
304 12
306 4
310 2
311 4
316 4
320 4
322 4
327 8
342 4
345 8
390 6
391 6
393 2
394 2
395 2
449 4
451 18
453 6
477 2
478 2
481 6
484 8
489 6
490 6
495 4
500 6
501 2
513 4
524 10
546 18
fl=./stdlib/./stdlib/cxa_atexit.c
fn=__cxa_atexit
41 4
43 16
44 4
46 4
52 6
53 2
54 2
55 2
56 2
57 8
58 2
67 14
69 12
fn=__new_exitfn
80 10
81 2
86 4
91 16
93 8
94 5
101 1
104 2
122 1
123 1
129 3
130 2
134 1
136 2
137 2
141 10
fl=./stdlib/./stdlib/cxa_finalize.c
fn=__cxa_finalize
30 100
33 70
36 70
40 70
93 70
97 60
105 20
106 40
107 80
fl=./stdlib/./stdlib/cxa_thread_atexit_impl.c
fn=__call_tls_dtors
148 5
149 4
165 4
fl=./stdlib/./stdlib/exit.c
fn=__run_exit_handlers
38 12
40 2
41 2
43 5
54 2
56 2
60 1
64 9
66 4
67 2
69 14
94 2
101 2
102 2
103 2
104 6
107 8
108 6
109 8
113 6
119 3
120 2
126 4
128 2
129 2
131 2
fn=exit
137 3
138 4
fl=./stdlib/./stdlib/getenv.c
fn=getenv
24 99
25 88
28 22
29 1353
31 670
32 100
33 5
37 99
fl=./string/../include/rtld-malloc.h
fn=strdup
56 22
fl=./string/../string/bits/string_fortified.h
fn=strdup
29 16
fl=./string/../string/strcspn.c
fn=strcspn
32 6
33 3
34 2
39 6
40 4
41 4
42 4
44 1
47 9
48 6
51 4
52 4
53 4
54 4
56 3
61 13
62 26
63 26
64 26
65 13
67 78
69 1
70 4
71 3
fl=./string/../string/strstr.c
fn=__GI_strstr
77 12
82 3
84 5
85 2
86 2
161 12
fl=./string/../sysdeps/x86/cacheinfo.c
fn=__x86_cacheinfo
86 1
fl=./string/../sysdeps/x86/cacheinfo.h
fn=__x86_cacheinfo
59 1
62 3
64 3
65 1
71 3
73 3
74 1
78 2
80 2
81 2
82 2
84 2
86 2
fl=./string/../sysdeps/x86_64/multiarch/../multiarch/memcmp-sse2.S
fn=bcmp
59 1
71 1
72 1
94 1
95 1
140 1
141 1
143 1
144 1
146 1
147 1
149 1
150 1
197 1
198 1
199 1
200 1
201 1
202 1
fl=./string/../sysdeps/x86_64/multiarch/../multiarch/memset-vec-unaligned-erms.S
fn=memset
132 15
133 75
138 15
139 15
142 7
143 7
145 1
146 1
147 1
244 6
245 6
257 6
260 6
261 6
273 6
274 6
287 6
288 6
290 6
293 5
296 10
299 133
300 133
301 133
302 133
303 133
304 133
305 133
308 6
309 6
310 6
311 6
316 6
350 8
352 8
353 8
392 8
393 8
395 8
fl=./string/../sysdeps/x86_64/multiarch/../multiarch/strchr-sse2.S
fn=index
32 41
33 41
34 41
35 41
36 41
37 41
38 41
39 41
40 41
41 41
42 41
43 41
44 41
45 41
46 41
47 41
48 41
49 41
50 38
54 38
55 38
56 38
57 38
59 38
63 3
64 3
65 3
66 3
67 3
68 3
69 3
70 3
71 3
72 3
73 3
74 3
75 3
76 3
77 3
78 3
79 3
80 3
81 3
82 3
83 3
84 3
85 3
86 3
138 3
142 3
143 3
144 3
145 3
147 3
fl=./string/../sysdeps/x86_64/multiarch/../multiarch/strcmp-sse2.S
fn=strcmp
98 1348
131 1348
132 1348
134 1348
135 1348
156 1348
157 1348
158 1111
159 1111
160 860
161 860
162 860
163 860
180 860
181 860
182 860
183 860
184 860
185 860
186 860
191 54
192 162
201 542
202 542
203 542
204 542
205 542
206 542
207 542
208 542
209 503
210 273
211 273
212 273
214 503
215 503
216 503
217 503
218 503
219 503
229 39
230 39
231 39
233 39
239 39
240 39
241 39
242 39
243 39
248 39
250 6
251 6
252 12
260 6
261 6
264 6
265 6
266 6
267 6
268 6
269 6
300 7
301 7
302 7
303 7
304 7
306 7
307 7
308 7
309 7
310 7
311 7
312 7
313 7
316 7
317 7
318 7
324 7
325 7
326 14
330 7
331 7
334 7
335 7
336 7
338 7
339 7
340 7
344 7
345 7
346 7
347 7
348 7
349 7
424 4
425 4
426 4
427 4
428 4
430 4
431 4
432 4
433 4
434 4
435 4
436 4
437 4
440 4
441 4
442 4
448 4
449 4
450 8
454 4
455 4
458 4
459 4
460 4
462 4
463 4
464 4
468 4
469 4
470 4
471 4
472 4
473 4
542 15
543 15
544 15
545 15
546 15
548 15
549 15
550 15
551 15
552 15
553 15
554 15
555 5
559 5
560 5
561 5
567 5
568 5
569 10
573 5
574 5
577 5
578 5
579 5
581 5
582 5
583 5
587 5
588 5
589 5
590 5
591 5
592 5
661 9
662 9
663 9
664 9
665 9
667 9
668 9
669 9
670 9
671 9
672 9
673 9
674 6
678 6
679 6
680 6
686 6
687 6
688 12
692 6
693 6
696 6
697 6
698 6
700 6
701 6
702 6
706 6
707 6
708 6
709 6
710 6
711 6
780 11
781 11
782 11
783 11
784 11
786 11
787 11
788 11
789 11
790 11
791 11
792 11
793 9
797 9
798 9
799 9
805 9
806 9
807 18
811 9
812 9
815 9
816 9
817 9
819 9
820 9
821 9
825 9
826 9
827 9
828 9
829 9
830 9
899 12
900 12
901 12
902 12
903 12
905 12
906 12
907 12
908 12
909 12
910 12
911 12
912 7
916 7
917 7
918 7
924 7
925 7
926 14
930 7
931 7
934 7
935 7
936 7
938 7
939 7
940 7
944 7
945 7
946 7
947 7
948 7
949 7
956 1
957 1
959 1
960 1
962 1
963 1
964 1
966 1
967 1
968 1
972 1
973 1
974 1
975 1
976 1
977 1
1018 38
1019 38
1020 38
1021 38
1022 38
1024 38
1025 38
1026 38
1027 38
1028 38
1029 38
1030 38
1031 37
1035 37
1036 37
1037 37
1043 37
1044 37
1045 74
1049 37
1050 37
1053 37
1054 37
1055 37
1057 37
1058 37
1059 37
1063 37
1064 37
1065 37
1066 37
1067 37
1068 37
1137 43
1138 43
1139 43
1140 43
1141 43
1143 43
1144 43
1145 43
1146 43
1147 43
1148 43
1149 43
1150 17
1154 17
1155 17
1156 17
1162 17
1163 17
1164 34
1168 17
1169 17
1172 17
1173 17
1174 17
1176 17
1177 17
1178 17
1182 17
1183 17
1184 17
1185 17
1186 17
1187 17
1194 2
1195 2
1197 2
1198 2
1200 2
1201 2
1202 2
1204 2
1205 2
1206 2
1210 2
1211 2
1212 2
1213 2
1214 2
1215 2
1256 48
1257 48
1258 48
1259 48
1260 48
1262 48
1263 48
1264 48
1265 48
1266 48
1267 48
1268 48
1269 18
1273 18
1274 18
1275 18
1281 18
1282 18
1283 36
1287 18
1288 18
1291 18
1292 18
1293 18
1295 18
1296 18
1297 18
1301 18
1302 18
1303 18
1304 18
1305 18
1306 18
1375 40
1376 40
1377 40
1378 40
1379 40
1381 40
1382 40
1383 40
1384 40
1385 40
1386 40
1387 40
1388 24
1392 24
1393 24
1394 24
1400 24
1401 24
1402 48
1406 24
1407 24
1410 24
1411 24
1412 24
1414 24
1415 24
1416 24
1420 24
1421 24
1422 24
1423 24
1424 24
1425 24
1494 66
1495 66
1496 66
1497 66
1498 66
1500 66
1501 66
1502 66
1503 66
1504 66
1505 66
1506 66
1507 32
1511 32
1512 32
1513 32
1519 32
1520 32
1521 64
1525 32
1526 32
1529 32
1530 32
1531 32
1533 32
1534 32
1535 32
1539 32
1540 32
1541 32
1542 32
1543 32
1544 32
1613 52
1614 52
1615 52
1616 52
1617 52
1619 52
1620 52
1621 52
1622 52
1623 52
1624 52
1625 52
1626 24
1630 24
1631 24
1632 24
1638 24
1639 24
1640 48
1644 24
1645 24
1648 24
1649 24
1650 24
1652 24
1653 24
1654 24
1658 24
1659 24
1660 24
1661 24
1662 24
1663 24
1670 1
1671 1
1673 1
1674 1
1676 1
1677 1
1678 1
1680 1
1681 1
1682 1
1686 1
1687 1
1688 1
1689 1
1690 1
1691 1
1732 49
1733 49
1734 49
1735 49
1736 49
1738 49
1739 49
1740 49
1741 49
1742 49
1743 49
1744 49
1745 23
1749 23
1750 23
1751 23
1757 23
1758 23
1759 46
1763 23
1764 23
1767 23
1768 23
1769 23
1771 23
1772 23
1773 23
1777 23
1778 23
1779 23
1780 23
1781 23
1782 23
1789 1
1790 1
1792 1
1793 1
1795 1
1796 1
1797 1
1799 1
1800 1
1801 1
1805 1
1806 1
1807 1
1808 1
1809 1
1810 1
1851 46
1852 46
1853 46
1854 46
1855 46
1857 46
1858 46
1859 46
1860 46
1861 46
1862 46
1863 46
1864 22
1868 22
1869 22
1870 22
1876 22
1877 22
1878 44
1882 22
1883 22
1886 22
1887 22
1888 22
1890 22
1891 22
1892 22
1896 22
1897 22
1898 22
1899 22
1900 22
1901 22
1908 2
1909 2
1911 2
1912 2
1914 2
1915 2
1916 2
1918 2
1919 2
1920 2
1924 2
1925 2
1926 2
1927 2
1928 2
1929 2
1970 63
1971 63
1972 63
1973 63
1974 63
1976 63
1977 63
1978 63
1979 63
1980 63
1981 63
1982 63
1984 19
1988 19
1989 19
1990 19
1996 19
1997 19
1999 38
2003 19
2004 19
2007 19
2008 19
2009 19
2011 19
2012 19
2013 19
2017 19
2018 19
2019 19
2020 19
2021 19
2022 19
2029 2
2030 2
2032 2
2033 2
2035 2
2036 2
2037 2
2039 2
2040 2
2041 2
2045 2
2046 2
2047 2
2048 2
2049 2
2050 2
2093 260
2095 542
2096 542
2097 542
2098 542
2099 546
2104 1348
2110 1348
2111 1348
2119 1348
2120 1348
fn=strncmp
98 1
125 1
126 1
127 1
128 1
129 1
131 1
132 1
134 1
135 1
156 1
157 1
158 1
159 1
160 1
161 1
162 1
163 1
180 1
181 1
182 1
183 1
184 1
185 1
186 1
2104 1
2107 1
2108 1
2110 1
2111 1
2119 1
2120 1
fl=./string/../sysdeps/x86_64/multiarch/../multiarch/strlen-sse2.S
fn=strlen
57 55
101 55
102 55
103 55
104 55
105 55
106 55
107 55
109 55
111 55
142 54
143 54
144 54
145 54
146 54
147 25
149 25
153 29
154 29
155 29
156 29
157 29
158 29
159 29
160 29
161 29
162 29
163 29
164 29
169 232
173 1
174 14
175 6
190 1
191 1
192 2
243 1
244 1
245 1
246 1
247 1
248 1
249 1
250 1
266 1
268 1
269 14
271 1
272 1
273 1
275 1
fl=./string/../sysdeps/x86_64/multiarch/ifunc-avx2.h
fn=memrchr
38 4
40 3
41 2
42 3
45 2
46 2
49 3
52 6
fn=rindex
38 8
40 6
41 4
42 6
45 4
46 4
49 6
52 12
fn=strchrnul
38 4
40 3
41 2
42 3
45 2
46 2
49 3
52 6
fn=strlen
38 24
40 18
41 12
42 18
45 12
46 12
49 18
52 36
fn=strnlen
38 8
40 6
41 4
42 6
45 4
46 4
49 6
52 12
fl=./string/../sysdeps/x86_64/multiarch/ifunc-evex.h
fn=memchr
37 4
38 3
39 3
42 2
43 2
45 2
51 3
54 4
fl=./string/../sysdeps/x86_64/multiarch/ifunc-memcmp.h
fn=bcmp
34 15
35 6
36 6
37 9
40 6
41 6
44 9
47 12
fl=./string/../sysdeps/x86_64/multiarch/ifunc-memmove.h
fn=memcpy@@GLIBC_2.14
56 10
57 15
60 15
61 10
74 10
77 10
85 10
93 10
96 25
fn=memmove
56 6
57 9
60 9
61 6
74 6
77 6
85 6
93 6
96 15
fn=mempcpy
56 2
57 3
60 3
61 2
74 2
77 2
85 2
93 2
96 5
fl=./string/../sysdeps/x86_64/multiarch/ifunc-memset.h
fn=memset
54 20
57 12
58 8
64 8
73 8
75 8
85 8
93 8
96 20
fl=./string/../sysdeps/x86_64/multiarch/ifunc-sse4_2.h
fn=strcspn
36 5
fn=strpbrk
36 5
fn=strspn
36 5
fl=./string/../sysdeps/x86_64/multiarch/ifunc-strcasecmp.h
fn=strcasecmp
36 8
37 4
38 6
41 4
42 4
45 6
48 10
fn=strcasecmp_l
36 4
37 2
38 3
41 2
42 2
45 3
48 5
fn=strncasecmp
36 4
37 2
38 3
41 2
42 2
45 3
48 5
fn=strncasecmp_l
36 4
37 2
38 3
41 2
42 2
45 3
48 5
fl=./string/../sysdeps/x86_64/multiarch/ifunc-strcpy.h
fn=stpcpy
38 4
39 3
42 2
43 2
46 3
49 3
fn=strcat
38 4
39 3
42 2
43 2
46 3
49 3
fn=strcpy
38 4
39 3
42 2
43 2
46 3
49 3
fl=./string/../sysdeps/x86_64/multiarch/ifunc-strncpy.h
fn=stpncpy
35 5
36 3
39 2
40 2
43 3
46 4
fn=strncpy
35 5
36 3
39 2
40 2
43 3
46 4
fl=./string/../sysdeps/x86_64/multiarch/memchr.c
fn=memchr
29 2
fl=./string/../sysdeps/x86_64/multiarch/memcmp-avx2-movbe.S
fn=__memcmp_avx2_movbe
73 1
80 1
81 1
401 1
402 1
407 1
408 1
409 1
410 1
411 1
414 1
415 1
416 1
417 1
420 1
421 1
422 1
423 2
fl=./string/../sysdeps/x86_64/multiarch/memcmp.c
fn=bcmp
29 12
fl=./string/../sysdeps/x86_64/multiarch/memcmpeq.c
fn=memcpy@@GLIBC_2.14
29 5
fl=./string/../sysdeps/x86_64/multiarch/memmove-vec-unaligned-erms.S
fn=???
251 24
fn=__memcpy_avx_unaligned_erms
255 2926
256 2926
262 2926
263 2926
265 2808
266 2808
267 2808
270 1538
271 1538
272 1538
275 3076
305 118
306 118
308 109
309 109
311 100
315 100
316 98
317 98
318 9
319 9
320 7
321 7
323 9
325 98
331 2
332 2
333 2
334 2
335 2
342 9
343 9
344 9
345 9
347 9
364 9
365 9
366 9
367 9
368 9
375 42
376 42
377 42
378 42
379 42
380 42
381 84
386 1270
387 1270
392 1270
393 1270
395 126
396 126
397 126
399 84
400 84
401 84
402 84
403 84
404 84
405 84
406 84
407 84
408 84
409 84
410 84
411 84
412 84
413 168
417 1144
418 1144
422 1144
424 1144
428 1144
429 1144
440 1144
443 1144
445 1144
447 1144
451 1144
452 1144
461 1144
462 1144
464 1144
466 1144
467 1144
468 1144
471 1144
473 1144
475 1144
477 2288
483 10853
484 10853
485 10853
486 10853
487 10853
488 10853
489 10853
490 10853
491 10853
492 10853
493 10853
494 10853
496 1144
497 1144
498 1144
499 1144
501 1144
505 2288
fn=__memcpy_chk_avx_unaligned_erms
249 6
250 6
251 6
fn=memcpy
210 56
211 56
217 101
218 101
220 55
221 55
222 55
224 27
225 27
226 27
228 27
308 46
309 46
311 10
315 10
316 10
317 10
318 1
319 1
323 1
325 10
364 36
365 36
366 36
367 36
368 36
375 25
376 25
377 25
378 25
379 25
380 25
381 25
392 28
393 28
395 28
396 28
397 28
399 3
400 3
401 3
402 3
403 3
404 3
405 3
406 3
407 3
408 3
409 3
410 3
411 3
412 3
413 3
fn=mempcpy
197 45
198 45
199 45
200 45
fl=./string/../sysdeps/x86_64/multiarch/memmove.c
fn=memmove
29 3
fl=./string/../sysdeps/x86_64/multiarch/mempcpy.c
fn=mempcpy
33 1
fl=./string/../sysdeps/x86_64/multiarch/memrchr.c
fn=memrchr
29 3
fl=./string/../sysdeps/x86_64/multiarch/memset-vec-unaligned-erms.S
fn=???
154 4
fn=__memset_avx2_unaligned_erms
158 58
159 116
164 58
165 58
166 47
167 47
168 47
170 4
171 4
172 8
181 14
182 14
184 28
237 43
238 43
244 37
245 37
257 37
260 37
261 37
273 23
274 23
287 23
288 23
290 23
293 6
296 6
299 22
300 22
301 22
302 22
303 22
304 22
305 28
308 23
309 23
310 23
311 23
314 46
325 6
326 6
327 6
328 68630
329 6
330 12
337 11
346 11
347 11
352 10
353 10
378 1
379 1
380 1
389 10
390 10
395 10
fn=__memset_chk_avx2_unaligned_erms
152 1
153 1
154 1
fl=./string/../sysdeps/x86_64/multiarch/memset.c
fn=memset
29 4
fl=./string/../sysdeps/x86_64/multiarch/stpcpy.c
fn=stpcpy
33 3
fl=./string/../sysdeps/x86_64/multiarch/stpncpy.c
fn=stpncpy
31 3
fl=./string/../sysdeps/x86_64/multiarch/strcasecmp.c
fn=strcasecmp
31 6
fl=./string/../sysdeps/x86_64/multiarch/strcasecmp_l.c
fn=strcasecmp_l
31 3
fl=./string/../sysdeps/x86_64/multiarch/strcat.c
fn=strcat
29 3
fl=./string/../sysdeps/x86_64/multiarch/strchr-avx2.S
fn=__strchr_avx2
53 1
55 1
56 1
57 1
58 1
59 1
62 1
63 1
67 1
68 1
69 1
70 1
71 1
72 1
73 1
74 1
77 1
85 1
93 1
94 2
fn=__strchrnul_avx2
53 8
55 8
56 8
57 8
58 8
59 8
62 8
63 8
67 8
68 8
69 8
70 8
71 8
72 8
73 8
74 8
87 8
89 16
fl=./string/../sysdeps/x86_64/multiarch/strchr.c
fn=index
42 8
43 4
44 6
47 4
48 4
51 6
54 6
65 6
fl=./string/../sysdeps/x86_64/multiarch/strchrnul.c
fn=strchrnul
31 3
fl=./string/../sysdeps/x86_64/multiarch/strcmp-avx2.S
fn=__strcasecmp_avx2
193 4451
194 4451
195 8902
fn=__strcasecmp_l_avx2
206 4451
215 4451
217 4451
218 4451
219 4451
249 4451
270 4451
271 4451
272 4451
274 4451
275 4451
276 4451
278 4451
279 4451
283 4241
287 42410
289 4241
291 4241
294 4241
303 4241
304 4241
308 4241
318 4241
319 4241
320 4241
321 4241
322 4241
326 8482
524 6
525 6
526 12
538 6
539 6
542 6
543 6
547 6
548 6
549 6
550 6
553 60
554 60
555 60
556 60
560 6
563 6
564 6
565 6
567 6
568 6
571 6
574 6
575 6
576 6
577 6
580 6
581 6
582 6
583 6
652 6
668 6
669 6
670 6
671 6
672 6
673 6
674 6
677 12
953 4451
954 4451
957 1524
958 1524
959 1524
960 1524
962 1524
965 1524
966 1524
970 1432
971 1432
980 210
984 210
985 366
993 156
994 1560
995 156
996 156
997 156
998 156
1000 156
1035 204
1036 204
1047 204
1048 204
1049 204
1050 204
1051 204
1052 204
1053 204
1056 408
1076 92
1077 92
1100 54
1101 54
1103 24
1104 240
1105 24
1106 24
1107 24
1108 24
1109 24
1154 30
1155 30
1157 18
1158 18
1159 18
1160 162
1161 18
1162 18
1163 18
1164 18
1230 12
1231 12
1233 6
1234 6
1235 6
1236 54
1237 6
1238 6
1239 6
1240 6
1284 6
1287 6
1288 6
1289 6
1290 6
1291 6
1292 6
1293 6
1294 6
1299 6
1301 6
1302 6
1303 6
1304 6
1308 6
fn=__strcmp_avx2
206 3
249 3
274 3
275 3
276 3
278 3
279 3
283 3
287 3
289 3
291 3
294 3
303 3
304 3
308 3
318 3
319 3
322 3
326 6
953 3
954 3
fn=__strncmp_avx2
206 15
230 15
235 15
249 15
274 15
275 15
276 15
278 15
279 15
283 15
287 15
289 15
291 15
294 15
296 15
297 15
308 10
318 10
319 10
322 10
326 20
331 15
332 15
333 15
337 5
338 10
957 1
958 1
959 1
960 1
962 1
965 1
966 1
970 1
971 1
fl=./string/../sysdeps/x86_64/multiarch/strcmp.c
fn=strcmp
47 16
48 8
49 12
52 8
53 8
56 12
59 12
79 12
fl=./string/../sysdeps/x86_64/multiarch/strcpy.c
fn=strcpy
29 3
fl=./string/../sysdeps/x86_64/multiarch/strcspn.c
fn=strcspn
29 2
fl=./string/../sysdeps/x86_64/multiarch/strlen-avx2.S
fn=__strlen_avx2
52 2645
65 2645
66 2645
67 2645
70 2645
72 2645
73 2645
76 2645
77 2645
85 2645
86 2645
87 2645
92 5290
fl=./string/../sysdeps/x86_64/multiarch/strlen.c
fn=strlen
29 18
fl=./string/../sysdeps/x86_64/multiarch/strncase.c
fn=strncasecmp
31 3
fl=./string/../sysdeps/x86_64/multiarch/strncase_l.c
fn=strncasecmp_l
31 3
fl=./string/../sysdeps/x86_64/multiarch/strncmp.c
fn=strncmp
43 12
44 6
45 9
48 6
49 6
52 9
55 15
67 9
fl=./string/../sysdeps/x86_64/multiarch/strncpy-avx2.S
fn=__strncpy_avx2
54 1
72 1
75 1
78 1
79 1
80 1
81 1
82 1
85 1
86 1
87 1
91 1
98 1
100 1
482 1
483 1
484 1
485 1
486 1
499 2
531 1
533 1
534 1
535 1
fl=./string/../sysdeps/x86_64/multiarch/strncpy.c
fn=strncpy
29 3
fl=./string/../sysdeps/x86_64/multiarch/strnlen.c
fn=strnlen
31 6
fl=./string/../sysdeps/x86_64/multiarch/strpbrk.c
fn=strpbrk
29 2
fl=./string/../sysdeps/x86_64/multiarch/strrchr-avx2.S
fn=__strrchr_avx2
53 5
54 5
55 5
57 5
58 5
62 5
63 5
64 5
67 5
69 5
70 5
71 5
72 5
75 5
76 5
78 5
79 5
80 5
81 3
82 3
91 10
fl=./string/../sysdeps/x86_64/multiarch/strrchr.c
fn=rindex
28 6
fl=./string/../sysdeps/x86_64/multiarch/strspn.c
fn=strspn
29 2
fl=./string/./string/strdup.c
fn=strdup
40 90
41 30
42 8
44 30
47 44
48 49
fl=./sysvipc/../sysdeps/unix/sysv/linux/shmat.c
fn=shmat
28 8
30 32
42 8
fl=./sysvipc/../sysdeps/unix/sysv/linux/shmctl.c
fn=shmctl@@GLIBC_2.2.5
77 32
87 8
170 8
fl=./sysvipc/../sysdeps/unix/sysv/linux/shmdt.c
fn=shmdt
27 5
29 20
33 5
fl=./sysvipc/../sysdeps/unix/sysv/linux/shmget.c
fn=shmget
28 8
30 40
34 8
fl=./wcsmbs/../sysdeps/x86_64/multiarch/ifunc-avx2.h
fn=wcschr
38 12
40 9
41 6
42 9
45 6
46 6
49 9
52 18
fn=wcscmp
38 4
40 3
41 2
42 3
45 2
46 2
49 3
52 6
fl=./wcsmbs/../sysdeps/x86_64/multiarch/ifunc-evex.h
fn=wmemchr
37 8
38 6
39 6
42 4
43 4
45 4
51 6
54 8
fl=./wcsmbs/../sysdeps/x86_64/multiarch/ifunc-memcmp.h
fn=wmemcmp
34 5
35 2
36 2
37 3
40 2
41 2
44 3
47 4
fl=./wcsmbs/../sysdeps/x86_64/multiarch/ifunc-wcs.h
fn=wcpncpy
39 4
40 3
41 3
44 2
45 3
48 4
fn=wcscat
39 4
40 3
41 3
44 2
45 3
48 4
fn=wcsncpy
39 4
40 3
41 3
44 2
45 3
48 4
fl=./wcsmbs/../sysdeps/x86_64/multiarch/ifunc-wcslen.h
fn=wcslen
40 8
41 4
42 6
45 4
46 4
49 6
52 6
fn=wcsnlen
40 4
41 2
42 3
45 2
46 2
49 3
52 3
fl=./wcsmbs/../sysdeps/x86_64/multiarch/ifunc-wmemset.h
fn=wmemset
36 10
37 6
fl=./wcsmbs/../sysdeps/x86_64/multiarch/wcpcpy.c
fn=wcpncpy
31 1
fl=./wcsmbs/../sysdeps/x86_64/multiarch/wcpncpy.c
fn=wcpncpy
31 1
fl=./wcsmbs/../sysdeps/x86_64/multiarch/wcscat.c
fn=wcscat
31 2
fn=wcschr
31 3
fl=./wcsmbs/../sysdeps/x86_64/multiarch/wcschr.c
fn=wcschr
31 6
fl=./wcsmbs/../sysdeps/x86_64/multiarch/wcscmp.c
fn=wcscmp
30 3
fl=./wcsmbs/../sysdeps/x86_64/multiarch/wcscpy.c
fn=wcscpy
42 4
43 2
44 3
46 2
47 3
50 3
60 2
fl=./wcsmbs/../sysdeps/x86_64/multiarch/wcslen.c
fn=wcslen
29 6
fl=./wcsmbs/../sysdeps/x86_64/multiarch/wcsncpy.c
fn=wcsncpy
31 2
fl=./wcsmbs/../sysdeps/x86_64/multiarch/wcsnlen.c
fn=wcsnlen
30 3
fl=./wcsmbs/../sysdeps/x86_64/multiarch/wmemchr.c
fn=wmemchr
31 4
fl=./wcsmbs/../sysdeps/x86_64/multiarch/wmemcmp.c
fn=wmemcmp
29 4
fl=./wcsmbs/../sysdeps/x86_64/multiarch/wmemset.c
fn=wmemset
31 4
fl=/home/theaux/cub3d/src/checks/check.c
fn=is_map_valid
16 5
17 65
19 65
21 65
23 5
25 1
26 2
fl=/home/theaux/cub3d/src/checks/check_floodfill.c
fn=floodfill
16 6312
19 6312
20 8679
22 17253
23 1184
25 1970
26 197
27 2955
28 2955
29 2561
30 2561
31 197
32 1578
fn=free_ptrarr
35 5
38 1
39 129
41 120
42 15
44 3
45 3
fn=is_map_closed
48 6
55 3
56 3
57 8
58 1
59 65
61 270
62 120
67 15
69 7
70 3
71 4
73 1
74 3
fl=/home/theaux/cub3d/src/checks/check_other.c
fn=check_map_chars
30 4
34 1
35 2
36 76
38 14
39 168
41 196
43 42
45 1
46 2
fn=check_map_unkn_char
49 4
52 2
53 76
55 1242
56 96
58 4982
60 6800
62 1200
64 14
65 42
67 1
68 2
fn=check_player_amount
71 5
75 1
76 2
77 65
79 4917
81 6480
82 1
83 1296
85 15
86 45
88 2
90 2
92 1
93 3
fn=is_playerchr
16 2160
17 4315
18 864
fn=settings_checker
21 5
22 4
24 4
26 1
27 2
fl=/home/theaux/cub3d/src/main.c
fn=main
31 6
34 2
36 2
37 2
39 9
41 10
42 10
43 11
44 7
45 4
fn=render
17 135
18 81
19 189
20 270
21 27
22 54
fl=/home/theaux/cub3d/src/parsing/init.c
fn=empty_cub3d
16 4
19 4
20 2
21 2
22 2
23 2
24 2
25 2
26 2
27 2
28 2
29 1
30 2
fn=init_cub3d
51 6
52 13
54 7
55 4
57 5
59 5
60 4
62 5
64 5
65 2
fn=init_minilibx
33 5
34 4
35 4
37 10
38 4
40 8
41 4
43 12
45 4
47 1
48 2
fl=/home/theaux/cub3d/src/parsing/parser.c
fn=init_parsing
16 5
17 5
19 5
21 5
23 9
25 5
27 5
29 1
30 2
fl=/home/theaux/cub3d/src/parsing/parser_map.c
fn=convert_map
80 7
85 1
86 2
87 8
88 2
90 6
91 33
93 60
95 168
96 112
100 15
101 45
103 1
104 3
fn=get_first_line
16 5
20 5
21 2
23 14
25 3
26 5
28 2
30 4
31 2
32 5
33 3
34 4
36 1
37 2
fn=get_full_map
40 6
44 4
45 3
46 2
48 6
49 4
51 56
53 52
54 26
56 39
57 26
58 26
59 78
61 1
62 2
fn=get_map_height
65 4
69 1
70 2
71 33
73 15
74 45
76 1
77 2
fn=parse_map
107 5
110 4
111 2
113 6
114 2
116 5
117 8
118 4
120 3
121 1
122 2
fl=/home/theaux/cub3d/src/parsing/parser_player.c
fn=init_player
41 6
44 2
45 3
46 97
48 4572
50 5550
52 15
53 6
54 2
56 1107
58 33
59 11
62 2
fn=is_valid_player
16 1850
17 2954
18 2
19 369
20 740
fn=set_player_dir
23 6
24 2
25 3
32 4
fn=set_player_pos
35 6
36 15
37 6
38 3
fl=/home/theaux/cub3d/src/parsing/parser_settings.c
fn=check_colors
55 16
56 4
58 8
60 4
61 10
63 26
64 14
66 42
67 4
68 8
69 10
71 10
fn=get_settings_type
16 50
17 80
18 2
19 72
20 2
21 64
22 2
23 56
24 2
25 48
26 2
27 40
28 2
29 32
30 2
31 3
32 20
fn=parse_colors
74 70
77 90
79 80
80 1
81 80
82 1
83 20
85 2
86 34
87 2
88 14
89 10
90 26
92 4
94 8
95 20
fn=parse_settings
98 5
101 5
102 2
104 88
106 80
108 80
110 30
111 60
112 45
113 50
115 1
116 2
fn=parse_textures
35 70
36 90
38 40
39 20
41 7
42 111
43 6
44 84
46 112
47 84
49 112
51 10
52 20
fl=/home/theaux/cub3d/src/parsing/parser_texture.c
fn=init_textures
18 5
21 1
22 17
24 84
26 112
31 7
33 1
34 2
fn=is_file_exist
37 35
40 42
41 14
43 21
44 7
45 14
fn=parse_textures_xpm
48 49
49 14
50 14
51 42
53 105
55 84
57 28
62 84
64 28
69 7
70 21
fl=/home/theaux/cub3d/src/parsing/parser_utils.c
fn=is_finished
16 84
19 21
20 255
22 1308
23 26
24 96
26 32
27 8
28 16
29 4
30 2
31 42
fl=/home/theaux/cub3d/src/player/player.c
fn=empty_player
16 4
17 6
18 4
19 6
20 3
21 3
22 2
23 2
24 2
25 2
26 2
27 2
28 2
29 2
30 3
31 2
32 2
33 3
fn=player_key_handler
42 162
45 81
46 108
48 108
50 324
51 135
53 108
56 54
57 81
58 108
60 108
62 135
64 108
66 351
67 81
fn=update_camera_plane
36 135
37 270
38 378
39 81
fl=/home/theaux/cub3d/src/player/player_doors.c
fn=player_crosshair
33 216
36 648
37 162
38 135
39 108
42 54
43 162
fl=/home/theaux/cub3d/src/player/player_keys.c
fn=manage_camera_key
30 9261
31 2646
33 2646
35 2646
37 2646
39 3969
fn=manage_movement_key
16 9261
17 2646
18 2538
19 954
20 1428
21 2
23 2
25 2
27 5291
fn=on_key_press
42 3972
43 4634
44 4634
45 1324
46 5
47 1322
49 661
50 1322
fn=on_key_release
53 3966
54 3966
55 3966
56 661
57 1322
fl=/home/theaux/cub3d/src/player/player_movement.c
fn=move_player
29 216
34 351
35 108
36 351
37 324
38 8
39 209
40 209
41 266
42 57
43 266
44 76
45 54
fn=try_move
16 266
19 76
20 456
21 456
22 418
23 418
25 38
26 76
fl=/home/theaux/cub3d/src/utils/colors.c
fn=get_trgb
16 203
17 232
19 290
20 58
fl=/home/theaux/cub3d/src/utils/free.c
fn=destroy_mlx
31 5
32 4
34 7
35 2
37 4
39 7
40 2
42 4
44 4
45 4
46 2
48 3
fn=free_cub3d
51 5
54 1
55 2
57 11
59 48
60 60
61 48
62 48
63 4
65 4
66 3
67 4
68 4
69 2
fn=free_map_struct
16 5
20 2
21 33
23 45
24 60
25 45
26 30
28 4
fl=/home/theaux/cub3d/src/visual/crosshair.c
fn=draw_crosshair
25 297
30 54
31 27
32 567
33 567
35 1539
36 1458
38 567
40 1539
41 1539
43 270
fn=get_crosshair_color
16 81
17 81
18 162
22 54
fl=/home/theaux/cub3d/src/visual/dda.c
fn=calculate_hit_details
83 243486
84 162324
86 142080
87 43182
89 28044
90 198912
91 312576
95 60825
98 24330
99 85155
100 121650
102 162324
103 486972
104 162324
105 608715
106 162324
107 10160
108 121743
fn=perform_calculation
44 284067
45 446391
46 486972
47 121743
48 486972
49 121743
50 202905
51 202905
52 243486
53 324648
54 324648
55 324648
56 324648
57 202905
58 121743
fn=perform_dda
111 365229
112 243486
113 243486
114 202905
115 121743
fn=perform_initial_step
16 202905
17 202905
19 39052
20 214786
21 58578
25 42110
26 252660
27 63165
29 202905
31 81162
32 405810
33 121743
41 162324
fn=run_dda_loop
61 324648
62 1309491
64 1279206
66 447419
67 447419
68 191751
72 1044988
73 1044988
74 298568
76 4050819
78 81162
80 162324
fl=/home/theaux/cub3d/src/visual/dda_utils.c
fn=is_touching_wall
17 1706824
21 640059
22 640059
23 853412
25 428650
27 4694460
28 81162
29 172772
30 426706
fl=/home/theaux/cub3d/src/visual/draw_floor.c
fn=draw_floor
56 216
61 648
62 648
63 27
64 162
65 162
66 34290
68 68364
69 56970
70 34182
72 162
fn=draw_floor_line
34 102546
35 22788
36 68420970
38 85455000
39 85455000
40 170910000
41 136728000
42 17091000
43 170910000
44 136728000
45 17091000
46 871641000
47 85455000
48 376002000
49 119637000
50 119637000
51 85455000
53 91152
fn=init_floor_line
20 79758
21 91152
22 34182
23 79758
24 136728
25 136728
26 113940
27 113940
28 34182
fl=/home/theaux/cub3d/src/visual/draw_utils.c
fn=get_pixel_from_tex
16 231651875
23 648625250
25 92660750
26 509634125
27 555964500
28 324312625
29 92660750
30 169866333
31 108115917
32 45655875
33 20583472
34 138991125
35 555964500
36 555964500
37 509634125
38 370643000
39 92660750
fn=put_pixel
42 277984194
45 555968388
47 138992097
48 509637689
49 92661398
fl=/home/theaux/cub3d/src/visual/render.c
fn=draw_line
17 239274000
23 170910000
24 273456000
25 170910000
26 239274000
27 205092000
28 59063120
29 172003203
31 170077250
32 498083375
34 136728000
fn=draw_sky
53 216
54 351
55 27
56 162
57 54
58 81
60 54
61 216
63 121608
65 324000
66 283500
67 121500
69 405000
70 486000
72 68566500
74 85455000
75 854550000
76 256365000
79 216
fn=draw_walls
37 283500
41 121500
42 850500
43 121500
44 65663
45 102672551
47 1230552000
48 102546000
50 202500
fn=raycast
84 243
89 81
90 81
91 27
92 81081
94 972000
95 243000
96 891000
97 81000
98 81
99 40500
101 189
fl=???
fn=(below main)
0 12
fn=???
0 186468646
fn=XChangeProperty
0 248
fn=XChangeWindowAttributes
0 44
fn=XCloseDisplay
0 72
fn=XCopyArea
0 1647
fn=XCreateGC
0 197
fn=XCreatePixmap
0 488
fn=XCreateWindow
0 79
fn=XDestroyWindow
0 31
fn=XESetCloseDisplay
0 73
fn=XESetErrorString
0 39
fn=XESetEventToWire
0 68
fn=XESetWireToEvent
0 102
fn=XFlush
0 168
fn=XFree
0 21
fn=XFreeGC
0 124
fn=XFreePixmap
0 155
fn=XFreeThreads
0 21
fn=XGetWMNormalHints
0 3
fn=XGetWMSizeHints
0 44
fn=XGetWindowProperty
0 93
fn=XInitExtension
0 174
fn=XInitThreads
0 73
fn=XInternAtom
0 188
fn=XMapRaised
0 39
fn=XNextEvent
0 76552
fn=XOpenDisplay
0 10600
fn=XPending
0 32307
fn=XPutBackEvent
0 25
fn=XQueryExtension
0 240
fn=XSetErrorHandler
0 547
fn=XSetIOErrorHandler
0 35
fn=XSetWMNormalHints
0 3
fn=XSetWMProtocols
0 36
fn=XSetWMSizeHints
0 82
fn=XShmAttach
0 424
fn=XShmCreateImage
0 624
fn=XShmDetach
0 225
fn=XShmPutImage
0 2349
fn=XShmQueryVersion
0 70
fn=XStoreName
0 36
fn=XSync
0 1432
fn=XSynchronize
0 33
fn=XWindowEvent
0 279
fn=XauDisposeAuth
0 26
fn=XauFileName
0 69
fn=XauGetBestAuthByAddr
0 84
fn=XauReadAuth
0 87
fn=XextAddDisplay
0 240
fn=XextCreateExtension
0 12
fn=XextDestroyExtension
0 5
fn=XextFindDisplay
0 937
fn=XextRemoveDisplay
0 96
fn=XkbAllocClientMap
0 110
fn=XkbFreeClientMap
0 485
fn=XkbFreeCompatMap
0 15
fn=XkbFreeControls
0 16
fn=XkbFreeIndicatorMaps
0 14
fn=XkbFreeKeyboard
0 73
fn=XkbFreeNames
0 24
fn=XkbFreeServerMap
0 23
fn=XkbGetMap
0 39
fn=XkbGetUpdatedMap
0 63
fn=XkbKeycodeToKeysym
0 86000
fn=XkbSelectEventDetails
0 178
fn=XkbUseExtension
0 172
fn=_XAllocID
0 171
fn=_XAllocIDs
0 912
fn=_XConnectXCB
0 97
fn=_XData32
0 370
fn=_XDeq
0 32928
fn=_XEnq
0 58030
fn=_XEventsQueued
0 12696
fn=_XFlush
0 227
fn=_XFreeAtomTable
0 408
fn=_XFreeDisplayStructure
0 4106
fn=_XFreeEventCookies
0 21888
fn=_XFreeExtData
0 1975
fn=_XFreeX11XCBStructure
0 42
fn=_XGetBitsPerPixel
0 296
fn=_XGetRequest
0 4094
fn=_XGetScanlinePad
0 296
fn=_XInitImageFuncPtrs
0 248
fn=_XIsEventCookie
0 14080
fn=_XPollfdCacheInit
0 19
fn=_XProcessWindowAttributes
0 119
fn=_XPutBackEvent
0 88
fn=_XRead
0 38
fn=_XReadEvents
0 354
fn=_XReply
0 9647
fn=_XSend
0 9096
fn=_XSetLastRequestRead
0 32872
fn=_XStoreEventCookie
0 19138
fn=_XUpdateAtomCache
0 108
fn=_XUpdateGCCache
0 121
fn=_XVIDtoVisual
0 27
fn=_XWireToEvent
0 78892
fn=_XkbFreeReadBuffer
0 25
fn=_XkbGetReadBufferPtr
0 5890
fn=_XkbInitReadBuffer
0 38
fn=_XkbReadBufferCopyKeySyms
0 5600
fn=_XkbReadCopyKeySyms
0 3607
fn=_XkbReadGetMapReply
0 16951
fn=ft_atoi
0 870
fn=ft_bzero
0 9411
fn=ft_calloc
0 1474
fn=ft_freesplit
0 409
fn=ft_getend
0 1134
fn=ft_getstart
0 630
fn=ft_intlen
0 328
fn=ft_isemptystr
0 211
fn=ft_isspace
0 697
fn=ft_itoa
0 484
fn=ft_printf
0 259
fn=ft_putchar_printf
0 4395
fn=ft_putnbr
0 266
fn=ft_putstr_printf
0 4028
fn=ft_split
0 74
fn=ft_split_len
0 90
fn=ft_strchr
0 22552
fn=ft_strdup
0 155376
fn=ft_strjoin
0 8498
fn=ft_strlcpy
0 14044
fn=ft_strlcpy_gnl
0 137473
fn=ft_strlen
0 366927
fn=ft_strncmp
0 4206
fn=ft_strrchr_gnl
0 13368
fn=ft_strtrim
0 1029
fn=ft_substr
0 274
fn=ft_wordcount
0 446
fn=ft_wordlen
0 308
fn=get_final_size
0 575
fn=get_line
0 1509
fn=get_next_line
0 751
fn=isnewline
0 10788
fn=mlx_destroy_display
0 3
fn=mlx_destroy_image
0 170
fn=mlx_destroy_window
0 41
fn=mlx_get_data_addr
0 80
fn=mlx_hook
0 24
fn=mlx_init
0 56
fn=mlx_int_anti_resize_win
0 49
fn=mlx_int_deal_shm
0 45
fn=mlx_int_file_get_rid_comment
0 458
fn=mlx_int_get_line
0 54537
fn=mlx_int_get_visual
0 23
fn=mlx_int_new_xshm_image
0 888
fn=mlx_int_param_KeyPress
0 12578
fn=mlx_int_param_KeyRelease
0 12559
fn=mlx_int_parse_xpm
0 21336264
fn=mlx_int_rgb_conversion
0 265
fn=mlx_int_set_win_event_mask
0 245
fn=mlx_int_str_str
0 5500731
fn=mlx_int_str_str_cote
0 8079389
fn=mlx_int_str_to_wordtab
0 137704
fn=mlx_int_wait_first_expose
0 24
fn=mlx_loop
0 45571
fn=mlx_loop_hook
0 4
fn=mlx_new_image
0 144
fn=mlx_new_window
0 198
fn=mlx_put_image_to_window
0 1809
fn=mlx_xpm_file_to_image
0 483
fn=output_manager
0 2730
fn=pas_cool_split
0 590
fn=variable_manager
0 609
fn=xcb_big_requests_enable
0 21
fn=xcb_big_requests_enable_reply
0 2
fn=xcb_connect
0 4
fn=xcb_connect_to_display_with_auth_info
0 234
fn=xcb_connect_to_fd
0 184
fn=xcb_connection_has_error
0 186
fn=xcb_disconnect
0 120
fn=xcb_generate_id
0 606
fn=xcb_get_extension_data
0 71
fn=xcb_get_file_descriptor
0 18
fn=xcb_get_maximum_request_length
0 34
fn=xcb_get_setup
0 18
fn=xcb_parse_display
0 5
fn=xcb_poll_for_event
0 8958
fn=xcb_poll_for_queued_event
0 342
fn=xcb_poll_for_reply64
0 3118
fn=xcb_prefetch_maximum_request_length
0 32
fn=xcb_query_extension
0 32
fn=xcb_query_extension_reply
0 2
fn=xcb_send_request
0 12
fn=xcb_send_request64
0 8
fn=xcb_send_request_with_fds64
0 497
fn=xcb_take_socket
0 52
fn=xcb_wait_for_event
0 157
fn=xcb_wait_for_reply
0 88
fn=xcb_wait_for_reply64
0 3496
fn=xcb_writev
0 3230
summary: 15008543018
